time	temp	oxy	light
1530403500	9.661352	9.313383	2022.9492
1530403800	9.661352	9.336072	2063.0076
1530404100	9.679688	9.306728	2078.0295
1530404400	9.679688	9.291646	2073.0222
1530404700	9.679688	9.299184	1922.8032
1530405000	9.661352	9.305833	1927.8105
1530405300	9.652182	9.316713	1632.3798
1530405600	9.633838	9.323381	1667.4309
1530405900	9.624664	9.311604	1917.7959
1530406200	9.615488	9.322494	2323.3872
1530406500	9.606311	9.318274	1727.5185
1530406800	9.587952	9.317396	1542.2484
1530407100	9.578771	9.328296	1732.5258
1530407400	9.569588	9.316523	1502.19
1530407700	9.560403	9.312313	1767.5769
1530408000	9.560403	9.319864	1892.7594
1530408300	9.551217	9.323208	1617.3579
1530408600	9.54203	9.303905	1176.7155
1530408900	9.532841	9.307245	1091.5914
1530409200	9.523651	9.310588	961.4016
1530409500	9.51446	9.313932	1096.5987
1530409800	9.505266	9.294659	986.4381
1530410100	9.505266	9.287132	1011.4746
1530410400	9.496072	9.305536	861.2556
1530410700	9.486876	9.286286	876.2775
1530411000	9.477678	9.289627	801.168
1530411300	9.468479	9.292969	1056.5403
1530411600	9.459279	9.318934	736.0731
1530411900	9.450077	9.307197	821.1972
1530412200	9.440874	9.30301	791.1534
1530412500	9.431669	9.298827	801.168
1530412800	9.422463	9.317259	701.022
1530413100	9.422463	9.302178	495.7227
1530413400	9.413255	9.313071	605.8833
1530413700	9.404046	9.308887	520.7592
1530414000	9.394835	9.312244	445.6497
1530414300	9.376409	9.296356	315.4599
1530414600	9.367194	9.307244	350.511
1530414900	9.357977	9.30307	175.2555
1530415200	9.33954	9.309794	170.2482
1530415500	9.330319	9.29057	155.2263
1530415800	9.321096	9.301455	145.2117
1530416100	9.302646	9.300654	110.1606
1530416400	9.293419	9.311554	110.1606
1530416700	9.284191	9.299859	90.1314
1530417000	9.265729	9.299068	65.0949
1530417300	9.265729	9.306596	50.073
1530417600	9.247262	9.30581	35.0511
1530417900	9.219549	9.315938	25.0365
1530418200	9.210309	9.311781	15.0219
1530418500	9.201067	9.307628	15.0219
1530418800	9.182578	9.31439	5.0073
1530419100	9.164083	9.328705	5.0073
1530419400	9.154834	9.31701	0
1530419700	9.127076	9.327181	0
1530420000	9.11782	9.338127	0
1530420300	9.099304	9.314746	0
1530420600	9.090044	9.333223	0
1530420900	9.062254	9.343434	0
1530421200	9.043719	9.342694	0
1530421500	9.025179	9.349516	0
1530421800	9.015906	9.345371	0
1530422100	8.997356	9.359766	0
1530422400	8.9788	9.35904	0
1530422700	8.960238	9.35832	0
1530423000	8.950955	9.361745	0
1530423300	8.923095	9.372033	0
1530423600	8.913806	9.375467	0
1530423900	8.904514	9.378903	0
1530424200	8.885927	9.393373	0
1530424500	8.876631	9.38164	0
1530424800	8.858035	9.388528	0
1530425100	8.839432	9.380251	0
1530425400	8.830128	9.391284	0
1530425700	8.811516	9.390597	0
1530426000	8.802207	9.394051	0
1530426300	8.783586	9.416171	0
1530426600	8.774272	9.412027	0
1530426900	8.755641	9.411352	0
1530427200	8.737003	9.425903	0
1530427500	8.718359	9.410018	0
1530427800	8.709035	9.436333	0
1530428100	8.690381	9.428052	0
1530428400	8.681052	9.423916	0
1530428700	8.662389	9.438501	0
1530429000	8.643719	9.445479	0
1530429300	8.625043	9.444834	0
1530429600	8.615703	9.448328	0
1530429900	8.597017	9.440063	0
1530430200	8.587671	9.466469	0
1530430500	8.568976	9.465836	0
1530430800	8.559626	9.44643	0
1530431100	8.550274	9.457567	0
1530431400	8.531565	9.449312	0
1530431700	8.51285	9.471612	0
1530432000	8.494129	9.478648	0
1530432300	8.484765	9.46687	0
1530432600	8.466034	9.47391	0
1530432900	8.447296	9.488617	0
1530433200	8.428551	9.480362	0
1530433500	8.419177	9.491552	0
1530433800	8.400422	9.483303	0
1530434100	8.381661	9.505708	0
1530434400	8.372278	9.509253	0
1530434700	8.353507	9.508671	0
1530435000	8.344119	9.512221	0
1530435300	8.325337	9.511647	0
1530435600	8.30655	9.534135	0
1530435900	8.287755	9.525876	0
1530436200	8.278355	9.521753	0
1530436500	8.259551	9.544273	0
1530436800	8.250146	9.532449	0
1530437100	8.231332	9.539592	0
1530437400	8.21251	9.531352	0
1530437700	8.193682	9.530812	0
1530438000	8.174847	9.56108	0
1530438300	8.165427	9.556956	0
1530438600	8.146582	9.571856	0
1530438900	8.12773	9.571328	0
1530439200	8.099439	9.558973	0
1530439500	8.08057	9.57389	0
1530439800	8.061694	9.565663	0
1530440100	8.042812	9.572875	0
1530440400	8.023922	9.580098	0
1530440700	8.005026	9.571882	0
1530441000	7.986122	9.586839	0
1530441300	7.967212	9.601824	0
1530441600	7.948294	9.609086	0
1530441900	7.92937	9.616358	0
1530442200	7.910439	9.62364	0
1530442500	7.891501	9.607668	0
1530442800	7.882029	9.619059	0
1530443100	7.86308	9.634118	0
1530443400	7.844124	9.625898	0
1530443700	7.825161	9.640976	0
1530444000	7.806192	9.625001	0
1530444300	7.787215	9.647858	0
1530444600	7.777724	9.651526	0
1530444900	7.758736	9.65109	0
1530445200	7.74924	9.662548	0
1530445500	7.72074	9.673592	0
1530445800	7.701731	9.665377	0
1530446100	7.692224	9.676857	5.0073
1530446400	7.673204	9.660863	10.0146
1530446700	7.663691	9.67234	15.0219
1530447000	7.644661	9.679728	25.0365
1530447300	7.635143	9.675628	30.0438
1530447600	7.616102	9.69083	40.0584
1530447900	7.606579	9.67893	50.073
1530448200	7.587527	9.701955	65.0949
1530448500	7.568467	9.693755	80.1168
1530448800	7.549401	9.709001	105.1533
1530449100	7.539865	9.728382	130.1898
1530449400	7.530327	9.708622	120.1752
1530449700	7.520788	9.704526	115.1679
1530450000	7.501703	9.704157	145.2117
1530450300	7.482611	9.711609	180.2628
1530450600	7.473062	9.730999	200.292
1530450900	7.463512	9.726902	200.292
1530451200	7.45396	9.738479	205.2993
1530451500	7.434849	9.753821	240.3504
1530451800	7.425291	9.757573	345.5037
1530452100	7.40617	9.765085	390.5694
1530452400	7.40617	9.741524	375.5475
1530452700	7.396607	9.768844	365.5329
1530453000	7.387042	9.76474	370.5402
1530453300	7.387042	9.756881	310.4526
1530453600	7.377474	9.768502	225.3285
1530453900	7.367906	9.772267	195.2847
1530454200	7.358335	9.776034	205.2993
1530454500	7.348762	9.771933	205.2993
1530454800	7.348762	9.764068	230.3358
1530455100	7.339188	9.783577	270.3942
1530455400	7.329611	9.779474	325.4745
1530455700	7.329611	9.787352	365.5329
1530456000	7.329611	9.779474	420.6132
1530456300	7.320033	9.775376	360.5256
1530456600	7.320033	9.775376	415.6059
1530456900	7.320033	9.783249	500.73
1530457200	7.310453	9.787027	655.9563
1530457500	7.320033	9.791129	731.0658
1530457800	7.329611	9.795236	781.1388
1530458100	7.329611	9.787352	640.9344
1530458400	7.329611	9.803127	936.3651
1530458700	7.339188	9.791458	861.2556
1530459000	7.348762	9.795567	741.0804
1530459300	7.348762	9.795567	766.1169
1530459600	7.358335	9.791792	981.4308
1530459900	7.367906	9.795905	1141.6644
1530460200	7.387042	9.796248	1542.2484
1530460500	7.40617	9.796596	1472.1462
1530460800	7.40617	9.804491	1472.1462
1530461100	7.434849	9.793184	3004.38
1530461400	7.45396	9.785659	6644.6871
1530461700	7.473062	9.786025	9959.5197
1530462000	7.501703	9.782644	6629.6652
1530462300	7.530327	9.771397	7631.1252
1530462600	7.558935	9.775918	3850.6137
1530462900	7.587527	9.756833	5087.4168
1530463200	7.616102	9.769244	4621.7379
1530463500	7.654177	9.762198	5848.5264
1530463800	7.701731	9.759327	11161.2717
1530464100	7.730241	9.748181	12608.3814
1530464400	7.777724	9.75323	26934.2667
1530464700	7.815677	9.73842	31115.3622
1530465000	7.86308	9.727812	18657.1998
1530465300	7.900971	9.720924	16348.8345
1530465600	7.938833	9.706223	40218.6336
1530465900	7.995575	9.707726	43097.8311
1530466200	8.052254	9.709279	18627.156
1530466500	8.108871	9.67956	7250.5704
1530466800	8.146582	9.680645	4997.2854
1530467100	8.174847	9.661944	3980.8035
1530467400	8.203097	9.674495	13770.075
1530467700	8.221922	9.682881	5272.6869
1530468000	8.297153	9.646146	2148.1317
1530468300	8.362893	9.644329	2303.358
1530468600	8.428551	9.634782	3935.7378
1530468900	8.484765	9.628877	2303.358
1530469200	8.54092	9.607465	4741.9131
1530469500	8.578325	9.601001	2168.1609
1530469800	8.625043	9.598775	1962.8616
1530470100	8.653055	9.595901	6624.6579
1530470400	8.709035	9.57468	4586.6868
1530470700	8.755641	9.580293	4426.4532
1530471000	8.811516	9.543716	2027.9565
1530471300	8.830128	9.528992	2718.9639
1530471600	8.867334	9.538147	9694.1328
1530471900	8.96952	9.515204	1702.482
1530472200	9.006632	9.50131	1647.4017
1530472500	9.071519	9.492448	1361.9856
1530472800	9.108563	9.46329	1251.825
1530473100	9.145583	9.464854	1221.7812
1530473400	9.293419	9.448309	1226.7885
1530473700	9.385623	9.429524	1316.9199
1530474000	9.459279	9.402391	1281.8688
1530474300	9.523651	9.378766	1226.7885
1530474600	9.578771	9.373795	1211.7666
1530474900	9.606311	9.363727	1462.1316
1530475200	9.652182	9.369768	1296.8907
1530475500	9.698018	9.345459	1231.7958
1530475800	9.734661	9.354879	1246.8177
1530476100	9.688854	9.333639	1251.825
1530476400	9.643011	9.335176	1251.825
1530476700	9.652182	9.331838	1286.8761
1530477000	9.716343	9.331216	1346.9637
1530477300	9.881008	9.309339	1387.0221
1530477600	9.853595	9.266464	1442.1024
1530477900	9.871872	9.237374	1517.2119
1530478200	9.908408	9.239249	1627.3725
1530478500	9.954047	9.230378	1862.7156
1530478800	10.017884	9.23749	1692.4674
1530479100	10.072548	9.21046	2188.1901
1530479400	10.136261	9.195227	4576.6722
1530479700	10.190819	9.205697	12928.8486
1530480000	10.24533	9.163966	17450.4405
1530480300	10.299792	9.159579	16153.5498
1530480600	10.345141	9.150996	3695.3874
1530480900	10.399517	9.139253	2413.5186
1530481200	10.426687	9.107463	2203.212
1530481500	10.462896	9.12438	5432.9205
1530481800	10.589465	9.102241	3374.9202
1530482100	10.616554	9.085384	2243.2704
1530482400	10.679718	9.092913	1912.7886
1530482700	10.661677	9.069659	3975.7962
1530483000	10.643632	9.061198	3009.3873
1530483300	10.652655	9.058059	1987.8981
1530483600	10.661677	9.040214	1892.7594
1530483900	10.670698	9.059151	2213.2266
1530484200	10.679718	9.048657	2268.3069
1530484500	10.679718	9.033957	7085.3295
1530484800	10.670698	9.051789	4040.8911
1530485100	10.688736	9.045526	1086.5841
1530485400	10.670698	9.037085	976.4235
1530485700	10.688736	9.052883	1667.4309
1530486000	10.670698	9.022407	1316.9199
1530486300	10.652655	9.050699	4171.0809
1530486600	10.625581	9.052751	1667.4309
1530486900	10.616554	9.063254	956.3943
1530487200	10.598496	9.047458	1622.3652
1530487500	10.589465	9.050598	2633.8398
1530487800	10.580432	9.061101	1241.8104
1530488100	10.589465	9.050598	971.4162
1530488400	10.589465	9.043247	1687.4601
1530488700	10.580432	9.03904	1161.6936
1530489000	10.580432	9.05374	766.1169
1530489300	10.580432	9.024366	781.1388
1530489600	10.580432	9.009718	2243.2704
1530489900	10.580432	9.031699	801.168
1530490200	10.571399	9.042179	1266.8469
1530490500	10.562364	9.030636	8171.9136
1530490800	10.553328	9.02644	1276.8615
1530491100	10.535252	9.032718	756.1023
1530491400	10.508128	9.034809	645.9417
1530491700	10.490039	9.048447	625.9125
1530492000	10.480993	9.04425	696.0147
1530492300	10.462896	9.050555	590.8614
1530492600	10.444794	9.049516	575.8395
1530492900	10.408575	9.047453	560.8176
1530493200	10.381397	9.056939	555.8103
1530493500	10.354207	9.059086	545.7957
1530493800	10.317936	9.079142	560.8176
1530494100	10.281643	9.091874	340.4964
1530494400	10.24533	9.097252	260.3796
1530494700	10.208995	9.095267	335.4891
1530495000	10.18173	9.09748	450.657
1530495300	10.145357	9.095526	455.6643
1530495600	10.099862	9.118958	385.5621
1530495900	10.072548	9.128613	380.5548
1530496200	10.036111	9.134105	485.7081
1530496500	10.008769	9.166071	400.584
1530496800	9.981414	9.138673	480.7008
1530497100	9.954047	9.155807	345.5037
1530497400	9.917539	9.146526	275.4015
1530497700	9.890143	9.163693	270.3942
1530498000	9.862734	9.173461	220.3212
1530498300	9.82617	9.171636	155.2263
1530498600	9.798732	9.188877	145.2117
1530498900	9.771282	9.183805	120.1752
1530499200	9.734661	9.196913	95.1387
1530499500	9.707181	9.19931	100.146
1530499800	9.670521	9.212467	85.1241
1530500100	9.643011	9.207428	85.1241
1530500400	9.615488	9.224791	70.1022
1530500700	9.587952	9.219766	60.0876
1530501000	9.551217	9.218063	55.0803
1530501300	9.523651	9.227998	50.073
1530501600	9.496072	9.230477	40.0584
1530501900	9.477678	9.237119	25.0365
1530502200	9.459279	9.23629	25.0365
1530502500	9.440874	9.227994	20.0292
1530502800	9.422463	9.257097	25.0365
1530503100	9.404046	9.256279	20.0292
1530503400	9.385623	9.277967	10.0146
1530503700	9.367194	9.269649	15.0219
1530504000	9.348759	9.276347	5.0073
1530504300	9.33954	9.257198	5.0073
1530504600	9.321096	9.263893	5.0073
1530504900	9.302646	9.278102	5.0073
1530505200	9.284191	9.262311	0
1530505500	9.274961	9.295701	5.0073
1530505800	9.265729	9.261528	0
1530506100	9.247262	9.298283	0
1530506400	9.238026	9.286616	0
1530506700	9.219549	9.300876	0
1530507000	9.201067	9.285069	0
1530507300	9.191823	9.303479	0
1530507600	9.173331	9.302712	0
1530507900	9.164083	9.306093	0
1530508200	9.145583	9.320398	0
1530508500	9.13633	9.308719	0
1530508800	9.127076	9.31964	0
1530509100	9.108563	9.318888	0
1530509400	9.099304	9.314746	0
1530509700	9.090044	9.333223	0
1530510000	9.080782	9.321536	0
1530510300	9.052987	9.331737	0
1530510600	9.043719	9.342694	0
1530510900	9.025179	9.326865	0
1530511200	9.015906	9.330272	0
1530511500	9.006632	9.348785	0
1530511800	8.988079	9.35562	0
1530512100	8.9788	9.328827	0
1530512400	8.96952	9.347338	0
1530512700	8.960238	9.350758	0
1530513000	8.94167	9.357604	0
1530513300	8.923095	9.356894	0
1530513600	8.913806	9.337656	0
1530513900	8.895222	9.344505	0
1530514200	8.885927	9.363052	0
1530514500	8.867334	9.369925	0
1530514800	8.858035	9.373364	0
1530515100	8.848734	9.369232	0
1530515400	8.830128	9.376118	0
1530515700	8.820823	9.379564	0
1530516000	8.802207	9.378882	0
1530516300	8.783586	9.385785	0
1530516600	8.764958	9.400289	0
1530516900	8.755641	9.396157	0
1530517200	8.746323	9.392028	0
1530517500	8.718359	9.410018	0
1530517800	8.709035	9.390705	0
1530518100	8.690381	9.405232	0
1530518400	8.681052	9.408704	0
1530518700	8.662389	9.408055	0
1530519000	8.643719	9.399818	0
1530519300	8.625043	9.421977	0
1530519600	8.615703	9.417855	0
1530519900	8.597017	9.417222	0
1530520200	8.578325	9.4242	0
1530520500	8.559626	9.423576	0
1530520800	8.550274	9.442305	0
1530521100	8.531565	9.449312	0
1530521400	8.522209	9.452819	0
1530521700	8.50349	9.467481	0
1530522000	8.484765	9.474517	0
1530522300	8.4754	9.447482	0
1530522600	8.466034	9.458626	0
1530522900	8.447296	9.458028	0
1530523200	8.428551	9.46507	0
1530523500	8.4098	9.472122	0
1530523800	8.400422	9.468007	0
1530524100	8.381661	9.490374	0
1530524400	8.362893	9.482138	0
1530524700	8.344119	9.473916	0
1530525000	8.334729	9.508095	0
1530525300	8.30655	9.480431	0
1530525600	8.287755	9.49518	0
1530525900	8.278355	9.491072	0
1530526200	8.259551	9.49052	0
1530526500	8.24074	9.505294	0
1530526800	8.221922	9.520097	0
1530527100	8.203097	9.51188	0
1530527400	8.193682	9.523127	0
1530527700	8.174847	9.530276	0
1530528000	8.156005	9.522064	0
1530528300	8.146582	9.533327	0
1530528600	8.12773	9.532805	0
1530528900	8.108871	9.555377	0
1530529200	8.099439	9.543567	0
1530529500	8.08057	9.550755	0
1530529800	8.071133	9.546651	0
1530530100	8.052254	9.553847	0
1530530400	8.033368	9.561054	0
1530530700	8.023922	9.556952	0
1530531000	8.005026	9.58733	0
1530531300	7.986122	9.571393	0
1530531600	7.967212	9.578628	0
1530531900	7.948294	9.578149	0
1530532200	7.938833	9.574052	0
1530532500	7.919905	9.581301	5.0073
1530532800	7.910439	9.592657	5.0073
1530533100	7.900971	9.588559	15.0219
1530533400	7.882029	9.603565	20.0292
1530533700	7.86308	9.59537	35.0511
1530534000	7.844124	9.610394	35.0511
1530534300	7.834644	9.59856	40.0584
1530534600	7.825161	9.617693	50.073
1530534900	7.806192	9.609502	70.1022
1530535200	7.796704	9.628659	95.1387
1530535500	7.777724	9.643751	105.1533
1530535800	7.758736	9.627788	125.1825
1530536100	7.74924	9.639217	150.219
1530536400	7.730241	9.631028	130.1898
1530536700	7.72074	9.642463	150.219
1530537000	7.711236	9.653913	155.2263
1530537300	7.692224	9.676857	155.2263
1530537600	7.673204	9.668649	160.2336
1530537900	7.663691	9.67234	160.2336
1530538200	7.654177	9.660455	155.2263
1530538500	7.644661	9.664145	170.2482
1530538800	7.625623	9.679326	225.3285
1530539100	7.616102	9.67523	380.5548
1530539400	7.597054	9.682632	485.7081
1530539700	7.597054	9.698244	455.6643
1530540000	7.577998	9.674449	445.6497
1530540300	7.577998	9.690045	620.9052
1530540600	7.558935	9.713103	415.6059
1530540900	7.549401	9.716824	535.7811
1530541200	7.539865	9.720548	711.0366
1530541500	7.539865	9.728382	1171.7082
1530541800	7.539865	9.74407	1226.7885
1530542100	7.539865	9.74407	1747.5477
1530542400	7.539865	9.759785	1842.6864
1530542700	7.549401	9.732493	1532.2338
1530543000	7.539865	9.759785	1276.8615
1530543300	7.549401	9.763912	1862.7156
1530543600	7.539865	9.751924	1191.7374
1530543900	7.549401	9.740337	1126.6425
1530544200	7.549401	9.748188	1251.825
1530544500	7.549401	9.756047	1597.3287
1530544800	7.549401	9.763912	1832.6718
1530545100	7.558935	9.775918	2553.723
1530545400	7.568467	9.764303	2233.2558
1530545700	7.577998	9.760567	1697.4747
1530546000	7.577998	9.768437	1862.7156
1530546300	7.587527	9.780456	2508.6573
1530546600	7.606579	9.765103	2318.3799
1530546900	7.616102	9.761372	1887.7521
1530547200	7.625623	9.765512	1697.4747
1530547500	7.644661	9.742335	2148.1317
1530547800	7.663691	9.742751	3389.9421
1530548100	7.692224	9.747314	3615.2706
1530548400	7.711236	9.755609	4766.9496
1530548700	7.72074	9.759762	1967.8689
1530549000	7.730241	9.724627	3915.7086
1530549300	7.739741	9.720925	5392.8621
1530549600	7.74924	9.732911	5312.7453
1530549900	7.758736	9.737059	5873.5629
1530550200	7.787215	9.741662	8221.9866
1530550500	7.796704	9.730109	19117.8714
1530550800	7.834644	9.731031	37424.5602
1530551100	7.86308	9.712127	30584.5884
1530551400	7.900971	9.720924	37074.0492
1530551700	7.92937	9.72558	40218.6336
1530552000	7.957754	9.714556	41560.59
1530552300	7.986122	9.695726	44905.4664
1530552600	8.023922	9.712416	23278.9377
1530552900	8.071133	9.686314	7130.3952
1530553200	8.071133	9.678496	2143.1244
1530553500	9.477678	9.635135	5237.6358
1530553800	11.26337	9.202377	300.438
1530554100	12.723812	9.12193	30.0438
1530554400	13.604827	8.831987	20.0292
1530554700	14.175998	8.587418	105.1533
1530555000	14.898368	8.279346	150.219
1530555300	15.68437	7.987106	65.0949
1530555600	16.431853	7.79536	60.0876
1530555900	17.209474	7.872217	125.1825
1530556200	17.849362	7.978339	25.0365
1530556500	18.294463	8.000183	35.0511
1530556800	18.671738	7.961031	35.0511
1530557100	19.040122	8.005448	55.0803
1530557400	19.36627	8.008168	80.1168
1530557700	19.625289	7.934784	525.7665
1530558000	19.95924	7.836943	686.0001
