time	temp	oxy	light
1530576300	9.917539	9.510163	811.1826
1530576600	9.890143	9.504795	776.1315
1530576900	9.871872	9.51154	751.095
1530577200	9.853595	9.510551	761.1096
1530577500	9.835313	9.501834	731.0658
1530577800	9.817025	9.508588	711.0366
1530578100	9.789583	9.518736	711.0366
1530578400	9.771282	9.517768	691.0074
1530578700	9.734661	9.523588	670.9782
1530579000	9.698018	9.529428	635.9271
1530579300	9.670521	9.547398	585.8541
1530579600	9.633838	9.537761	530.7738
1530579900	9.597132	9.559186	515.7519
1530580200	9.551217	9.576322	530.7738
1530580500	9.51446	9.574494	540.7884
1530580800	9.468479	9.576128	550.803
1530581100	9.440874	9.570901	570.8322
1530581400	9.404046	9.592481	595.8687
1530581700	9.367194	9.59852	585.8541
1530582000	9.330319	9.612384	570.8322
1530582300	9.302646	9.638451	555.8103
1530582600	9.265729	9.621095	535.7811
1530582900	9.247262	9.620247	520.7592
1530583200	9.219549	9.630706	495.7227
1530583500	9.191823	9.641185	470.6862
1530583800	9.173331	9.663863	450.657
1530584100	9.145583	9.65086	420.6132
1530584400	9.108563	9.657059	365.5329
1530584700	9.090044	9.679788	320.4672
1530585000	9.052987	9.670321	250.365
1530585300	9.025179	9.673049	175.2555
1530585600	8.997356	9.683642	140.2044
1530585900	8.9788	9.682856	110.1606
1530586200	8.960238	9.689933	75.1095
1530586500	8.932383	9.70844	55.0803
1530586800	8.904514	9.69548	40.0584
1530587100	8.885927	9.718336	35.0511
1530587400	8.858035	9.729026	35.0511
1530587700	8.839432	9.704633	30.0438
1530588000	8.811516	9.731093	30.0438
1530588300	8.792897	9.738245	25.0365
1530588600	8.755641	9.736773	25.0365
1530588900	8.737003	9.743942	25.0365
1530589200	8.709035	9.754712	15.0219
1530589500	8.690381	9.761905	20.0292
1530589800	8.662389	9.772712	15.0219
1530590100	8.634382	9.767693	10.0146
1530590400	8.606361	9.770605	10.0146
1530590700	8.587671	9.777833	10.0146
1530591000	8.559626	9.804573	5.0073
1530591300	8.531565	9.775787	0
1530591600	8.51285	9.783038	5.0073
1530591900	8.484765	9.793932	0
1530592200	8.466034	9.8171	0
1530592500	8.437924	9.828048	0
1530592800	8.419177	9.827394	0
1530593100	8.391042	9.814495	0
1530593400	8.362893	9.85735	0
1530593700	8.344119	9.832795	0
1530594000	8.325337	9.848104	0
1530594300	8.287755	9.838892	0
1530594600	8.268954	9.862204	0
1530594900	8.250146	9.853613	0
1530595200	8.221922	9.856698	0
1530595500	8.193682	9.883767	0
1530595800	8.165427	9.878882	0
1530596100	8.146582	9.902315	0
1530596400	8.118301	9.881432	0
1530596700	8.099439	9.880863	0
1530597000	8.071133	9.908037	0
1530597300	8.052254	9.899464	0
1530597600	8.023922	9.926705	0
1530597900	8.005026	9.910108	0
1530598200	7.976668	9.913307	0
1530598500	7.957754	9.90476	0
1530598800	7.92937	9.932044	0
1530599100	7.910439	9.915473	0
1530599400	7.891501	9.931005	0
1530599700	7.86308	9.942291	0
1530600000	7.834644	9.953601	0
1530600300	7.815677	9.961154	0
1530600600	7.787215	9.956391	0
1530600900	7.768231	9.972016	0
1530601200	7.74924	9.98767	0
1530601500	7.72074	9.966796	0
1530601800	7.701731	9.998602	0
1530602100	7.673204	9.993868	0
1530602400	7.663691	9.989602	0
1530602700	7.644661	9.997225	0
1530603000	7.625623	9.988703	0
1530603300	7.597054	10.024425	0
1530603600	7.587527	10.012063	0
1530603900	7.568467	10.019722	0
1530604200	7.539865	10.031231	0
1530604500	7.530327	10.026968	0
1530604800	7.511246	10.010367	0
1530605100	7.492158	10.026139	0
1530605400	7.463512	10.045794	0
1530605700	7.45396	10.049651	0
1530606000	7.434849	10.049253	0
1530606300	7.415732	10.056979	0
1530606600	7.396607	10.048475	0
1530606900	7.387042	10.068589	0
1530607200	7.377474	10.064334	0
1530607500	7.358335	10.072086	0
1530607800	7.348762	10.075966	0
1530608100	7.339188	10.063586	0
1530608400	7.320033	10.071348	0
1530608700	7.310453	10.075233	0
1530609000	7.310453	10.08337	0
1530609300	7.291287	10.083011	0
1530609600	7.281702	10.09505	0
1530609900	7.272114	10.082657	0
1530610200	7.262525	10.086553	0
1530610500	7.252934	10.08231	0
1530610800	7.252934	10.090451	0
1530611100	7.233745	10.081969	0
1530611400	7.224149	10.102162	0
1530611700	7.21455	10.089772	0
1530612000	7.204949	10.101827	0
1530612300	7.195347	10.105738	0
1530612600	7.185742	10.085208	0
1530612900	7.185742	10.109652	0
1530613200	7.166528	10.109328	0
1530613500	7.166528	10.109328	0
1530613800	7.156918	10.121412	0
1530614100	7.147306	10.109009	0
1530614400	7.147306	10.125337	0
1530614700	7.137692	10.112931	0
1530615000	7.137692	10.112931	0
1530615300	7.128076	10.125022	0
1530615600	7.128076	10.133195	0
1530615900	7.128076	10.116856	0
1530616200	7.118459	10.104466	0
1530616500	7.128076	10.125022	0
1530616800	7.118459	10.128952	0
1530617100	7.118459	10.128952	0
1530617400	7.108839	10.132885	0
1530617700	7.108839	10.116548	0
1530618000	7.108839	10.124713	0
1530618300	7.108839	10.124713	0
1530618600	7.099218	10.112316	0
1530618900	7.099218	10.153194	0
1530619200	7.099218	10.112316	0
1530619500	7.089595	10.12441	10.0146
1530619800	7.089595	10.12441	5.0073
1530620100	7.099218	10.136821	15.0219
1530620400	7.089595	10.12441	25.0365
1530620700	7.089595	10.132581	25.0365
1530621000	7.079969	10.144701	25.0365
1530621300	7.079969	10.13652	25.0365
1530621600	7.070342	10.124113	30.0438
1530621900	7.070342	10.132283	30.0438
1530622200	7.060713	10.144405	25.0365
1530622500	7.051082	10.148351	30.0438
1530622800	7.051082	10.140167	25.0365
1530623100	7.04145	10.144114	30.0438
1530623400	7.031815	10.13988	30.0438
1530623700	7.022178	10.143829	30.0438
1530624000	7.01254	10.155969	40.0584
1530624300	7.01254	10.164165	100.146
1530624600	7.002899	10.14355	130.1898
1530624900	7.002899	10.159927	130.1898
1530625200	7.002899	10.151735	160.2336
1530625500	6.993257	10.163887	205.2993
1530625800	6.983612	10.16785	170.2482
1530626100	6.993257	10.163887	125.1825
1530626400	6.983612	10.16785	70.1022
1530626700	6.983612	10.159652	60.0876
1530627000	6.983612	10.176055	60.0876
1530627300	6.973966	10.171816	65.0949
1530627600	6.973966	10.147234	65.0949
1530627900	6.964318	10.16758	70.1022
1530628200	6.954668	10.163348	90.1314
1530628500	6.954668	10.171548	160.2336
1530628800	6.954668	10.171548	250.365
1530629100	6.945016	10.183729	325.4745
1530629400	6.954668	10.179755	425.6205
1530629700	6.954668	10.171548	465.6789
1530630000	6.954668	10.18797	485.7081
1530630300	6.954668	10.18797	615.8979
1530630600	6.954668	10.163348	595.8687
1530630900	6.954668	10.146969	811.1826
1530631200	6.954668	10.171548	3665.3436
1530631500	6.964318	10.175784	2819.1099
1530631800	6.964318	10.159383	921.3432
1530632100	6.973966	10.163614	836.2191
1530632400	6.973966	10.171816	771.1242
1530632700	6.993257	10.147504	771.1242
1530633000	7.002899	10.151735	766.1169
1530633300	7.002899	10.151735	826.2045
1530633600	7.022178	10.168408	686.0001
1530633900	7.04145	10.152301	791.1534
1530634200	7.051082	10.148351	1412.0586
1530634500	7.070342	10.165037	2298.3507
1530634800	7.089595	10.157139	3510.1173
1530635100	7.118459	10.145313	1331.9418
1530635400	7.137692	10.137442	1301.898
1530635700	7.166528	10.133833	2348.4237
1530636000	7.204949	10.126317	21000.6162
1530636300	7.233745	10.12274	32647.596
1530636600	7.272114	10.131619	17380.3383
1530636900	7.320033	10.112091	3865.6356
1530637200	7.339188	10.096142	1557.2703
1530637500	7.377474	10.096899	1041.5184
1530637800	7.396607	10.072848	921.3432
1530638100	7.415732	10.089525	931.3578
1530638400	7.444405	10.069765	1767.5769
1530638700	7.482611	10.070579	2443.5624
1530639000	7.539865	10.047454	1562.2776
1530639300	7.597054	10.032529	1432.0878
1530639600	7.644661	10.037708	1321.9272
1530639900	7.692224	10.0105	1326.9345
1530640200	7.730241	10.011445	1346.9637
1530640500	7.758736	9.991949	1462.1316
1530640800	7.796704	9.984851	1587.3141
1530641100	7.844124	9.973996	1722.5112
1530641400	7.891501	9.963184	1802.628
1530641700	7.948294	9.964766	1797.6207
1530642000	7.995575	9.945981	2163.1536
1530642300	8.042812	9.959452	2939.2851
1530642600	8.090006	9.924655	2253.285
1530642900	8.099439	9.912898	2718.9639
1530643200	8.108871	9.893148	4015.8546
1530643500	8.156005	9.922671	3535.1538
1530643800	8.231332	9.900991	4075.9422
1530644100	8.315944	9.867749	3079.4895
1530644400	8.362893	9.865339	1957.8543
1530644700	8.4098	9.854973	3229.7085
1530645000	8.437924	9.859953	4516.5846
1530645300	8.484765	9.849642	2703.942
1530645600	8.51285	9.822752	1722.5112
1530645900	8.550274	9.824117	1937.8251
1530646200	8.568976	9.808892	1912.7886
1530646500	8.615703	9.782839	2283.3288
1530646800	8.625043	9.787155	1517.2119
1530647100	8.643719	9.795798	1442.1024
1530647400	8.699709	9.790008	2358.4383
1530647700	8.718359	9.782798	1642.3944
1530648000	8.737003	9.751845	1682.4528
1530648300	8.746323	9.772001	2718.9639
1530648600	8.839432	9.751973	5282.7015
1530648900	8.997356	9.738813	5102.4387
1530649200	8.96952	9.725773	3229.7085
1530649500	8.960238	9.713548	1882.7448
1530649800	8.94167	9.728543	1417.0659
1530650100	8.923095	9.719874	981.4308
1530650400	8.913806	9.707667	711.0366
1530650700	8.895222	9.714778	640.9344
1530651000	8.885927	9.734117	991.4454
1530651300	8.904514	9.719103	2438.5551
1530651600	8.950955	9.740785	4401.4167
1530651900	9.015906	9.73171	4701.8547
1530652200	9.13633	9.693638	4711.8693
1530652500	9.164083	9.667371	2733.9858
1530652800	9.182578	9.668205	1141.6644
1530653100	9.182578	9.660357	1046.5257
1530653400	9.191823	9.649016	1276.8615
1530653700	9.182578	9.668205	1422.0732
1530654000	9.182578	9.652517	1487.1681
1530654300	9.191823	9.664699	1627.3725
1530654600	9.201067	9.661195	1662.4236
1530654900	9.219549	9.662038	1847.6937
1530655200	9.256496	9.66374	2278.3215
1530655500	9.284191	9.645421	1351.971
1530655800	9.302646	9.630625	1997.9127
1530656100	9.33954	9.616722	1061.5476
1530656400	9.348759	9.613253	866.2629
1530656700	9.348759	9.621065	991.4454
1530657000	9.348759	9.628884	1121.6352
1530657300	9.33954	9.624538	1121.6352
1530657600	9.33954	9.608914	771.1242
1530657900	9.330319	9.596783	590.8614
1530658200	9.330319	9.612384	485.7081
1530658500	9.321096	9.608049	490.7154
1530658800	9.311872	9.603718	660.9636
1530659100	9.311872	9.603718	951.387
1530659400	9.311872	9.603718	1392.0294
1530659700	9.311872	9.61152	776.1315
1530660000	9.311872	9.595923	806.1753
1530660300	9.311872	9.619329	630.9198
1530660600	9.293419	9.610662	766.1169
1530660900	9.284191	9.621947	756.1023
1530661200	9.274961	9.617615	640.9344
1530661500	9.284191	9.606334	610.8906
1530661800	9.284191	9.614137	530.7738
1530662100	9.265729	9.613286	600.876
1530662400	9.265729	9.613286	716.0439
1530662700	9.247262	9.628061	535.7811
1530663000	9.238026	9.608118	490.7154
1530663300	9.228788	9.619405	505.7373
1530663600	9.228788	9.611599	640.9344
1530663900	9.228788	9.619405	1056.5403
1530664200	9.238026	9.615921	1086.5841
1530664500	9.238026	9.631548	881.2848
1530664800	9.256496	9.632395	665.9709
1530665100	9.256496	9.624577	605.8833
1530665400	9.274961	9.617615	871.2702
1530665700	9.293419	9.626284	876.2775
1530666000	9.284191	9.629765	706.0293
1530666300	9.284191	9.614137	450.657
1530666600	9.274961	9.617615	405.5913
1530666900	9.265729	9.597689	375.5475
1530667200	9.256496	9.616765	405.5913
1530667500	9.247262	9.61244	490.7154
1530667800	9.228788	9.627217	500.73
1530668100	9.219549	9.638528	400.584
1530668400	9.219549	9.607281	375.5475
1530668700	9.219549	9.62289	420.6132
1530669000	9.210309	9.634197	435.6351
1530669300	9.210309	9.618567	435.6351
1530669600	9.210309	9.618567	440.6424
1530669900	9.201067	9.614248	410.5986
1530670200	9.191823	9.617736	400.584
1530670500	9.191823	9.625545	390.5694
1530670800	9.182578	9.621225	505.7373
1530671100	9.182578	9.621225	560.8176
1530671400	9.182578	9.621225	475.6935
1530671700	9.173331	9.616909	315.4599
1530672000	9.173331	9.624717	240.3504
1530672300	9.173331	9.624717	220.3212
1530672600	9.164083	9.6204	205.2993
1530672900	9.154834	9.623894	175.2555
1530673200	9.145583	9.62739	160.2336
1530673500	9.145583	9.619581	140.2044
1530673800	9.13633	9.630888	105.1533
1530674100	9.127076	9.626574	90.1314
1530674400	9.108563	9.633577	70.1022
1530674700	9.108563	9.625764	55.0803
1530675000	9.099304	9.637082	40.0584
1530675300	9.080782	9.644098	35.0511
1530675600	9.080782	9.644098	30.0438
1530675900	9.062254	9.651124	25.0365
1530676200	9.052987	9.646811	20.0292
1530676500	9.043719	9.650327	15.0219
1530676800	9.03445	9.630382	15.0219
1530677100	9.025179	9.641711	10.0146
1530677400	9.006632	9.672258	5.0073
1530677700	8.997356	9.65227	5.0073
1530678000	8.988079	9.647967	5.0073
1530678300	8.9788	9.651491	0
1530678600	8.960238	9.650717	0
1530678900	8.960238	9.650717	0
1530679200	8.950955	9.669916	0
1530679500	8.94167	9.673452	0
1530679800	8.932383	9.669146	0
1530680100	8.923095	9.672684	0
1530680400	8.904514	9.68762	0
1530680700	8.904514	9.679767	0
1530681000	8.895222	9.675464	0
1530681300	8.885927	9.671164	0
1530681600	8.876631	9.682555	0
1530681900	8.867334	9.693962	0
1530682200	8.858035	9.681804	0
1530682500	8.848734	9.677507	0
1530682800	8.839432	9.688909	0
1530683100	8.830128	9.692465	0
1530683400	8.820823	9.696023	0
1530683700	8.811516	9.707451	0
1530684000	8.802207	9.703147	0
1530684300	8.792897	9.706713	0
1530684600	8.783586	9.694552	0
1530684900	8.774272	9.70598	0
1530685200	8.764958	9.717424	0
1530685500	8.755641	9.713123	0
1530685800	8.746323	9.708825	0
1530686100	8.737003	9.712399	0
1530686400	8.718359	9.735323	0
1530686700	8.709035	9.71526	0
1530687000	8.699709	9.718841	0
1530687300	8.690381	9.746091	0
1530687600	8.671721	9.737486	0
1530687900	8.653055	9.736782	0
1530688200	8.634382	9.743975	0
1530688500	8.625043	9.747575	0
1530688800	8.606361	9.738989	0
1530689100	8.597017	9.75839	0
1530689400	8.568976	9.769227	0
1530689700	8.550274	9.768547	0
1530690000	8.54092	9.756347	0
1530690300	8.51285	9.783038	0
1530690600	8.494129	9.774451	0
1530690900	8.4754	9.773791	0
1530691200	8.456666	9.796909	0
1530691500	8.437924	9.772487	0
1530691800	8.419177	9.795608	0
1530692100	8.400422	9.8029	0
1530692400	8.381661	9.794329	0
1530692700	8.362893	9.809568	0
1530693000	8.344119	9.80894	0
1530693300	8.325337	9.81626	0
1530693600	8.30655	9.82359	0
1530693900	8.287755	9.838892	0
1530694200	8.268954	9.830319	0
1530694500	8.250146	9.813817	0
1530694800	8.231332	9.845037	0
1530695100	8.21251	9.844441	0
1530695400	8.193682	9.84385	0
1530695700	8.174847	9.82735	0
1530696000	8.156005	9.850651	0
1530696300	8.146582	9.862325	0
1530696600	8.12773	9.853775	0
1530696900	8.108871	9.869162	0
1530697200	8.090006	9.860617	0
1530697500	8.071133	9.876023	0
1530697800	8.061694	9.87974	0
1530698100	8.042812	9.895183	0
1530698400	8.033368	9.882909	0
1530698700	8.014475	9.858419	0
1530699000	7.995575	9.897821	0
1530699300	7.986122	9.885553	0
1530699600	7.967212	9.885021	0
1530699900	7.957754	9.896754	0
1530700200	7.938833	9.912246	0
1530700500	7.92937	9.924015	0
1530700800	7.919905	9.911724	0
1530701100	7.910439	9.891453	0
1530701400	7.891501	9.914958	0
1530701700	7.882029	9.918712	0
1530702000	7.86308	9.926227	0
1530702300	7.853603	9.929989	0
1530702600	7.844124	9.933753	0
1530702900	7.834644	9.921466	0
1530703200	7.825161	9.91721	0
1530703500	7.815677	9.928995	0
1530703800	7.806192	9.932764	0
1530704100	7.796704	9.936535	0
1530704400	7.787215	9.940308	0
1530704700	7.777724	9.936051	0
1530705000	7.768231	9.931797	0
1530705300	7.758736	9.951645	0
1530705600	7.74924	9.955428	0
1530705900	7.739741	9.967268	10.0146
1530706200	7.739741	9.959215	5.0073
1530706500	7.730241	9.963004	10.0146
1530706800	7.72074	9.974855	15.0219
1530707100	7.711236	9.954489	15.0219
1530707400	7.711236	9.954489	20.0292
1530707700	7.701731	9.974387	25.0365
1530708000	7.701731	9.96633	25.0365
1530708300	7.692224	9.962074	25.0365
1530708600	7.682715	9.973926	30.0438
1530708900	7.682715	9.957821	35.0511
1530709200	7.682715	9.96587	35.0511
1530709500	7.673204	9.985794	40.0584
1530709800	7.673204	9.969669	40.0584
1530710100	7.673204	9.977728	50.073
1530710400	7.663691	9.989602	45.0657
1530710700	7.663691	9.981533	55.0803
1530711000	7.663691	9.973471	55.0803
1530711300	7.654177	9.993412	55.0803
1530711600	7.663691	9.973471	60.0876
1530711900	7.654177	9.98534	60.0876
1530712200	7.654177	9.98534	65.0949
1530712500	7.654177	9.993412	75.1095
1530712800	7.654177	9.993412	85.1241
1530713100	7.654177	9.977275	105.1533
1530713400	7.654177	9.993412	165.2409
1530713700	7.654177	10.001491	225.3285
1530714000	7.663691	9.973471	315.4599
1530714300	7.673204	9.993868	365.5329
1530714600	7.682715	9.99006	450.657
1530714900	7.692224	9.978187	520.7592
1530715200	7.701731	9.990524	515.7519
1530715500	7.72074	9.98292	535.7811
1530715800	7.739741	9.983394	570.8322
1530716100	7.758736	9.967745	615.8979
1530716400	7.777724	9.97629	665.9709
1530716700	7.796704	9.97678	640.9344
1530717000	7.815677	9.969211	635.9271
1530717300	7.844124	9.949829	686.0001
1530717600	7.853603	9.970218	726.0585
1530717900	7.882029	9.958897	791.1534
1530718200	7.900971	9.967475	961.4016
1530718500	7.919905	9.951885	1051.533
1530718800	7.948294	9.94061	1046.5257
1530719100	7.967212	9.949191	1041.5184
1530719400	7.986122	9.933645	996.4527
1530719700	8.014475	9.922415	1086.5841
1530720000	8.023922	9.934741	1251.825
1530720300	8.042812	9.935297	1437.0951
1530720600	8.071133	9.924086	1372.0002
1530720900	8.090006	9.916625	1276.8615
1530721200	8.118301	9.905452	1387.0221
1530721500	8.146582	9.910334	1732.5258
1530721800	8.165427	9.926986	2022.9492
1530722100	8.193682	9.899784	2373.4602
1530722400	8.21251	9.892371	5518.0446
1530722700	8.24074	9.889275	13634.8779
1530723000	8.259551	9.881882	3404.964
1530723300	8.268954	9.870192	1221.7812
1530723600	8.287755	9.878807	1281.8688
1530723900	8.315944	9.867749	1331.9418
1530724200	8.334729	9.86838	1852.701
1530724500	8.362893	9.873335	1932.8178
1530724800	8.400422	9.850656	2078.0295
1530725100	8.428551	9.83967	1797.6207
