time	temp	oxy	light
1530749100	10.540185	9.451668	3347.9963
1530749400	10.540185	9.451668	3071.1329
1530749700	10.531146	9.462727	3168.5478
1530750000	10.540185	9.436191	2886.5573
1530750300	10.531146	9.439493	3276.2169
1530750600	10.531146	9.431763	3430.0299
1530750900	10.531146	9.439493	3086.5142
1530751200	10.522106	9.435065	2055.9671
1530751500	10.513065	9.422918	2096.9839
1530751800	10.513065	9.43064	2732.7443
1530752100	10.504023	9.426219	2537.9145
1530752400	10.504023	9.433943	2768.634
1530752700	10.494979	9.437248	2866.0489
1530753000	10.494979	9.444982	2512.279
1530753300	10.485934	9.456036	2302.0679
1530753600	10.485934	9.425104	2204.653
1530753900	10.476888	9.42069	1856.0102
1530754200	10.476888	9.428408	1256.1395
1530754500	10.458791	9.396477	1445.8422
1530754800	10.44069	9.418481	1743.214
1530755100	10.431637	9.39868	1625.2907
1530755400	10.422583	9.409679	1620.1636
1530755700	10.422583	9.417384	1363.8086
1530756000	10.413528	9.405283	1225.3769
1530756300	10.395414	9.419602	1168.9788
1530756600	10.386354	9.407503	1051.0555
1530756900	10.377294	9.418516	953.6406
1530757200	10.368232	9.398729	922.878
1530757500	10.350105	9.405346	922.878
1530757800	10.341039	9.400963	794.7005
1530758100	10.331972	9.404274	656.2688
1530758400	10.313835	9.38784	692.1585
1530758700	10.295692	9.39446	779.3192
1530759000	10.286618	9.405462	687.0314
1530759300	10.277543	9.416479	466.5661
1530759600	10.25939	9.407727	379.4054
1530759900	10.250311	9.395672	369.1512
1530760200	10.232149	9.402311	338.3886
1530760500	10.223067	9.413327	292.2447
1530760800	10.213983	9.40127	261.4821
1530761100	10.204897	9.39691	235.8466
1530761400	10.186723	9.40356	210.2111
1530761700	10.177633	9.391525	158.9401
1530762000	10.168543	9.387176	97.4149
1530762300	10.159451	9.41355	51.271
1530762600	10.150357	9.401506	20.5084
1530762900	10.141262	9.397155	20.5084
1530763200	10.123069	9.403819	25.6355
1530763500	10.123069	9.396139	15.3813
1530763800	10.10487	9.41049	5.1271
1530764100	10.095769	9.398461	0
1530764400	10.086666	9.41717	5.1271
1530764700	10.077562	9.428213	0
1530765000	10.068457	9.416163	0
1530765300	10.050242	9.430555	0
1530765600	10.050242	9.422854	0
1530765900	10.041132	9.433907	0
1530766200	10.032021	9.429554	0
1530766500	10.022909	9.417511	0
1530766800	10.013795	9.428558	0
1530767100	10.004681	9.424213	0
1530767400	9.986447	9.446341	0
1530767700	9.977327	9.434282	0
1530768000	9.968207	9.437642	0
1530768300	9.959085	9.433299	0
1530768600	9.949962	9.44437	0
1530768900	9.949962	9.459809	0
1530769200	9.931712	9.451106	0
1530769500	9.922585	9.454477	0
1530769800	9.913456	9.45785	0
1530770100	9.904326	9.453504	0
1530770400	9.895194	9.456878	0
1530770700	9.886062	9.452535	0
1530771000	9.876928	9.455911	0
1530771300	9.867792	9.482489	0
1530771600	9.867792	9.474749	0
1530771900	9.858655	9.454949	0
1530772200	9.858655	9.485878	0
1530772500	9.840377	9.484914	0
1530772800	9.840377	9.477173	0
1530773100	9.831236	9.480563	0
1530773400	9.831236	9.465097	0
1530773700	9.822093	9.476216	0
1530774000	9.81295	9.479607	0
1530774300	9.81295	9.471872	0
1530774600	9.803804	9.475263	0
1530774900	9.803804	9.475263	0
1530775200	9.794658	9.478657	0
1530775500	9.78551	9.474316	0
1530775800	9.77636	9.48545	0
1530776100	9.767209	9.481108	0
1530776400	9.758057	9.492251	0
1530776700	9.748903	9.487908	0
1530777000	9.739748	9.491312	0
1530777300	9.730592	9.494718	0
1530777600	9.721434	9.490378	0
1530777900	9.721434	9.498125	0
1530778200	9.712274	9.486042	0
1530778500	9.703114	9.504948	0
1530778800	9.693951	9.485116	0
1530779100	9.684788	9.488524	0
1530779400	9.684788	9.496269	0
1530779700	9.675623	9.499682	0
1530780000	9.666456	9.510854	0
1530780300	9.657289	9.491017	0
1530780600	9.648119	9.50218	0
1530780900	9.638949	9.505599	0
1530781200	9.620603	9.512444	0
1530781500	9.611428	9.51587	0
1530781800	9.602252	9.496034	0
1530782100	9.583895	9.541716	0
1530782400	9.574714	9.529596	0
1530782700	9.556348	9.520928	0
1530783000	9.547163	9.539913	0
1530783300	9.537977	9.527802	0
1530783600	9.5196	9.542464	0
1530783900	9.510409	9.53813	0
1530784200	9.492023	9.545026	0
1530784500	9.492023	9.545026	0
1530784800	9.464433	9.547598	0
1530785100	9.455234	9.551053	0
1530785400	9.446033	9.570105	0
1530785700	9.427626	9.55364	0
1530786000	9.418421	9.549314	0
1530786300	9.400006	9.548452	0
1530786600	9.381585	9.570969	0
1530786900	9.372372	9.558846	0
1530787200	9.353942	9.557994	0
1530787500	9.344725	9.577064	0
1530787800	9.326287	9.568414	0
1530788100	9.317065	9.579696	0
1530788400	9.307842	9.590992	0
1530788700	9.289391	9.574534	0
1530789000	9.270935	9.589315	0
1530789300	9.261704	9.592806	0
1530789600	9.252472	9.5963	0
1530789900	9.243239	9.591977	0
1530790200	9.224768	9.59897	0
1530790500	9.20629	9.605972	0
1530790800	9.187807	9.605154	0
1530791100	9.178563	9.600837	0
1530791400	9.169317	9.596523	0
1530791700	9.150822	9.603535	0
1530792000	9.13232	9.602734	5.1271
1530792300	9.13232	9.610557	15.3813
1530792600	9.123067	9.621905	20.5084
1530792900	9.104556	9.613275	30.7626
1530793200	9.095299	9.624628	41.0168
1530793500	9.076779	9.608178	61.5252
1530793800	9.067517	9.619526	76.9065
1530794100	9.048988	9.63442	92.2878
1530794400	9.048988	9.626578	107.6691
1530794700	9.039721	9.630108	128.1775
1530795000	9.021183	9.629331	143.5588
1530795300	9.021183	9.65288	169.1943
1530795600	9.011912	9.656422	179.4485
1530795900	8.993364	9.647789	194.8298
1530796200	8.993364	9.671385	215.3382
1530796500	8.984088	9.659193	230.7195
1530796800	8.974811	9.662741	240.9737
1530797100	8.965532	9.682046	261.4821
1530797400	8.956251	9.661976	271.7363
1530797700	8.946969	9.689165	281.9905
1530798000	8.937685	9.68484	292.2447
1530798300	8.937685	9.676958	302.4989
1530798600	8.9284	9.67264	317.8802
1530798900	8.9284	9.696294	333.2615
1530799200	8.919113	9.707764	343.5157
1530799500	8.919113	9.68408	353.7699
1530799800	8.919113	9.691967	364.0241
1530800100	8.919113	9.676199	389.6596
1530800400	8.919113	9.691967	399.9138
1530800700	8.909825	9.695535	410.168
1530801000	8.919113	9.691967	425.5493
1530801300	8.919113	9.707764	446.0577
1530801600	8.919113	9.707764	456.3119
1530801900	8.9284	9.688402	461.439
1530802200	8.9284	9.696294	471.6932
1530802500	8.937685	9.692729	481.9474
1530802800	8.946969	9.681279	492.2016
1530803100	8.946969	9.697059	517.8371
1530803400	8.956251	9.709298	548.5997
1530803700	8.974811	9.702166	574.2352
1530804000	8.974811	9.694267	599.8707
1530804300	8.993364	9.702945	625.5062
1530804600	9.002639	9.675712	651.1417
1530804900	9.011912	9.695826	651.1417
1530805200	9.030453	9.688717	687.0314
1530805500	9.048988	9.665856	697.2856
1530805800	9.067517	9.674526	707.5398
1530806100	9.08604	9.675325	743.4295
1530806400	9.104556	9.668247	815.2089
1530806700	9.13232	9.681288	876.7341
1530807000	9.150822	9.666334	933.1322
1530807300	9.169317	9.659277	1056.1826
1530807600	9.197049	9.680223	2255.924
1530807900	9.270935	9.675697	4793.8385
1530808200	9.335507	9.666868	2825.0321
1530808500	9.363158	9.672119	5403.9634
1530808800	9.446033	9.664267	4978.4141
1530809100	9.492023	9.638938	1440.7151
1530809400	9.528789	9.625024	1409.9525
1530809700	9.547163	9.625936	1538.13
1530810000	9.574714	9.631246	2543.0416
1530810300	9.537977	9.605855	3168.5478
1530810600	9.556348	9.598927	3045.4974
1530810900	9.583895	9.60422	2563.55
1530811200	9.620603	9.606069	1820.1205
1530811500	9.657289	9.584428	1404.8254
1530811800	9.693951	9.586308	1620.1636
1530812100	9.730592	9.580378	1297.1563
1530812400	9.77636	9.563223	1379.1899
1530812700	9.81295	9.565157	1286.9021
1530813000	9.858655	9.555879	1348.4273
1530813300	9.895194	9.54224	1307.4105
1530813600	9.940838	9.533029	1363.8086
1530813900	9.977327	9.535035	2594.3126
1530814200	10.013795	9.537061	2081.6026
1530814500	10.068457	9.524541	4860.4908
1530814800	10.10487	9.495489	3055.7516
1530815100	10.168543	9.526376	1620.1636
1530815400	10.232149	9.495058	1732.9598
1530815700	10.286618	9.482734	3958.1212
1530816000	10.341039	9.462711	1517.6216
1530816300	10.395414	9.442763	1548.3842
1530816600	10.449741	9.422889	1609.9094
1530816900	10.494979	9.429522	1645.7991
1530817200	10.549222	9.409736	1666.3075
1530817500	10.621475	9.39116	1712.4514
1530817800	10.702663	9.392481	1748.3411
1530818100	10.801757	9.371988	1820.1205
1530818400	10.918676	9.352852	2040.5858
1530818700	11.05333	9.327484	10546.4447
1530819000	11.169813	9.316425	16929.6842
1530819300	11.277162	9.285813	6080.7406
1530819600	11.366492	9.269355	40078.5407
1530819900	11.455709	9.260624	50773.6713
1530820200	11.544814	9.229202	61243.2095
1530820500	11.642701	9.225151	61417.5309
1530820800	11.758216	9.199846	61586.7252
1530821100	11.882414	9.179224	62458.3322
1530821400	12.024103	9.152687	64073.3687
1530821700	12.183186	9.127882	67308.5688
1530822000	12.350754	9.1004	68123.7777
1530822300	12.544339	9.071814	67985.346
1530822600	12.754996	9.052737	68241.701
1530822900	12.956377	9.022197	67841.7872
1530823200	13.104921	9.024604	67544.4154
1530823500	13.218342	8.979269	67559.7967
1530823800	13.322911	8.959381	67749.4994
1530824100	13.409959	8.937988	67918.6937
1530824400	13.479538	8.944643	68000.7273
1530824700	13.549065	8.929133	67708.4826
1530825000	13.575124	8.898413	67631.5761
1530825300	13.575124	8.905789	67431.6192
1530825600	13.549065	8.899587	60135.7559
1530825900	13.514308	8.903622	62658.2891
1530826200	13.470844	8.888423	63309.4308
1530826500	13.436058	8.899848	22149.072
1530826800	13.383854	8.902285	54716.4112
1530827100	13.33162	8.919502	56110.9824
1530827400	13.305491	8.913369	64991.1196
1530827700	13.261928	8.913004	62094.3081
1530828000	13.174736	8.934475	54803.5719
1530828300	13.148562	8.921004	42544.6758
1530828600	13.12238	8.951857	50107.1483
1530828900	13.113651	8.932578	30290.9068
1530829200	13.026312	8.91731	44631.4055
1530829500	12.956377	8.947945	10838.6894
1530829800	12.842612	8.941576	4229.8575
1530830100	12.711153	8.948617	4137.5697
1530830400	12.623398	8.948503	6701.1197
1530830700	12.623398	8.98547	8254.631
1530831000	12.561914	8.99136	4311.8911
1530831300	12.553127	8.994324	8013.6573
1530831600	12.561914	9.006201	11084.7902
1530831900	12.614618	9.025577	4081.1716
1530832200	12.579486	9.015127	2953.2096
1530832500	12.473998	9.021074	3804.3082
1530832800	12.430005	9.01368	4998.9225
1530833100	12.456404	9.049393	4619.5171
1530833400	12.482794	9.055353	4014.5193
1530833700	12.456404	9.071811	2886.5573
1530834000	12.438805	9.055377	2189.2717
1530834300	12.37718	9.01673	1881.6457
1530834600	12.333133	9.001981	2158.5091
1530834900	12.306692	9.018371	2502.0248
1530835200	12.289061	9.024363	2276.4324
1530835500	12.253785	9.028929	2825.0321
1530835800	12.227318	9.030505	2891.6844
1530836100	12.200842	9.039528	3455.6654
1530836400	12.183186	9.053002	2886.5573
1530836700	12.165527	9.051584	2286.6866
1530837000	12.13903	9.053189	2389.2286
1530837300	12.12136	9.066693	2009.8232
1530837600	12.094847	9.060852	2676.3462
1530837900	12.068326	9.055027	3306.9795
1530838200	12.041795	9.064117	1333.046
1530838500	12.015255	9.035986	1153.5975
1530838800	11.997556	9.064378	1045.9284
1530839100	11.971001	9.058584	1030.5471
1530839400	11.944436	9.037934	1030.5471
1530839700	11.926721	9.058885	1010.0387
1530840000	11.909001	9.064972	912.6238
1530840300	11.882414	9.05921	861.3528
1530840600	11.864684	9.057858	815.2089
1530840900	11.84695	9.078866	779.3192
1530841200	11.820341	9.073115	748.5566
1530841500	11.802597	9.071773	722.9211
1530841800	11.784848	9.077891	697.2856
1530842100	11.767094	9.084017	676.7772
1530842400	11.740456	9.093218	651.1417
1530842700	11.731575	9.081356	630.6333
1530843000	11.722692	9.076966	615.252
1530843300	11.704924	9.083102	599.8707
1530843600	11.696038	9.086173	563.981
1530843900	11.669375	9.080471	528.0913
1530844200	11.660484	9.091006	481.9474
1530844500	11.642701	9.082236	456.3119
1530844800	11.624913	9.095856	440.9306
1530845100	11.616018	9.106412	425.5493
1530845400	11.607121	9.116982	399.9138
1530845700	11.598223	9.112587	384.5325
1530846000	11.589324	9.123166	364.0241
1530846300	11.571523	9.114378	338.3886
1530846600	11.562621	9.117472	317.8802
1530846900	11.562621	9.117472	292.2447
1530847200	11.553718	9.105606	266.6092
1530847500	11.535908	9.104317	230.7195
1530847800	11.500275	9.116703	184.5756
1530848100	11.473539	9.126011	148.6859
1530848400	11.455709	9.124736	123.0504
1530848700	11.437874	9.115983	97.4149
1530849000	11.411114	9.132798	76.9065
1530849300	11.393269	9.13903	61.5252
1530849600	11.375419	9.130278	46.1439
1530849900	11.357564	9.136515	35.8897
1530850200	11.330774	9.130895	25.6355
1530850500	11.321841	9.14151	10.2542
1530850800	11.312907	9.159649	10.2542
1530851100	11.295037	9.150895	0
1530851400	11.2861	9.154027	0
1530851700	11.268222	9.145287	0
1530852000	11.259282	9.155923	0
1530852300	11.25034	9.151554	0
1530852600	11.241397	9.169715	0
1530852900	11.241397	9.162199	0
1530853200	11.223508	9.160969	0
1530853500	11.214562	9.171627	0
1530853800	11.196666	9.177922	0
1530854100	11.178765	9.176699	0
1530854400	11.16086	9.183004	0
1530854700	11.151906	9.18616	0
1530855000	11.14295	9.181788	0
1530855300	11.133993	9.17742	0
1530855600	11.116076	9.198801	0
1530855900	11.107116	9.186895	0
1530856200	11.107116	9.171851	0
1530856500	11.098155	9.212681	0
1530856800	11.080228	9.196386	0
1530857100	11.062297	9.21782	0
1530857400	11.05333	9.220997	0
1530857700	11.035391	9.204699	0
1530858000	11.017448	9.211051	0
1530858300	11.008475	9.221783	0
1530858600	10.990525	9.220593	0
1530858900	10.981548	9.216225	0
1530859200	10.95461	9.225783	0
1530859500	10.936646	9.232164	0
1530859800	10.927662	9.242927	0
1530860100	10.900702	9.237382	0
1530860400	10.882723	9.243782	0
1530860700	10.873732	9.239415	0
1530861000	10.855745	9.238254	0
1530861300	10.837754	9.252237	0
1530861600	10.828757	9.26303	0
1530861900	10.819758	9.251081	0
1530862200	10.810758	9.254293	0
1530862500	10.792755	9.253144	0
1530862800	10.783751	9.256359	0
1530863100	10.774746	9.26716	0
1530863400	10.76574	9.270382	0
1530863700	10.756733	9.281201	0
1530864000	10.747724	9.276831	0
1530864300	10.729704	9.275691	0
1530864600	10.720691	9.27892	0
1530864900	10.711678	9.274556	0
1530865200	10.702663	9.285384	0
1530865500	10.693647	9.296226	0
1530865800	10.693647	9.273426	0
1530866100	10.675612	9.295095	0
1530866400	10.675612	9.295095	0
1530866700	10.666592	9.298336	0
1530867000	10.666592	9.298336	0
1530867300	10.657571	9.293969	0
1530867600	10.648549	9.312444	0
1530867900	10.639526	9.308071	0
1530868200	10.639526	9.315693	0
1530868500	10.621475	9.314571	0
1530868800	10.612448	9.310201	0
1530869100	10.612448	9.302585	0
1530869400	10.594389	9.316708	0
1530869700	10.594389	9.309087	0
1530870000	10.585358	9.31234	0
1530870300	10.567293	9.326483	0
1530870600	10.567293	9.318854	0
1530870900	10.558258	9.322114	0
1530871200	10.549222	9.317749	0
1530871500	10.540185	9.32864	0
1530871800	10.531146	9.331906	0
1530872100	10.522106	9.327539	0
1530872400	10.513065	9.323176	0
1530872700	10.504023	9.326443	0
1530873000	10.504023	9.326443	0
1530873300	10.494979	9.314462	0
1530873600	10.485934	9.325352	0
1530873900	10.46784	9.324265	0
1530874200	10.458791	9.327537	0
1530874500	10.449741	9.338446	0
1530874800	10.44069	9.334087	0
1530875100	10.431637	9.360306	0
1530875400	10.431637	9.345005	0
1530875700	10.413528	9.343927	0
1530876000	10.413528	9.343927	0
1530876300	10.404471	9.331937	0
1530876600	10.395414	9.350498	0
1530876900	10.386354	9.361439	0
1530877200	10.377294	9.349428	0
1530877500	10.377294	9.357076	0
1530877800	10.368232	9.337436	0
1530878100	10.368232	9.352718	0
1530878400	10.359169	9.363663	5.1271
1530878700	10.359169	9.348363	15.3813
1530879000	10.341039	9.354947	15.3813
1530879300	10.331972	9.365897	35.8897
1530879600	10.331972	9.373559	46.1439
1530879900	10.313835	9.364839	71.7794
1530880200	10.313835	9.364839	92.2878
1530880500	10.304764	9.375803	117.9233
1530880800	10.286618	9.36709	148.6859
1530881100	10.277543	9.385728	174.3214
1530881400	10.268467	9.381368	184.5756
1530881700	10.25939	9.377011	205.084
1530882000	10.25939	9.400038	240.9737
1530882300	10.241231	9.39899	287.1176
1530882600	10.232149	9.386952	297.3718
1530882900	10.223067	9.405634	297.3718
1530883200	10.213983	9.416654	307.626
1530883500	10.204897	9.404595	353.7699
1530883800	10.204897	9.404595	517.8371
1530884100	10.195811	9.423316	620.3791
1530884400	10.204897	9.419984	763.9379
1530884700	10.204897	9.419984	722.9211
1530885000	10.204897	9.427689	928.0051
1530885300	10.204897	9.435401	881.8612
1530885600	10.213983	9.432066	1092.0723
1530885900	10.232149	9.440832	1353.5544
1530886200	10.241231	9.445221	1286.9021
1530886500	10.250311	9.441887	1256.1395
1530886800	10.250311	9.441887	1015.1658
1530887100	10.268467	9.427509	815.2089
1530887400	10.25939	9.430837	779.3192
1530887700	10.25939	9.415423	702.4127
1530888000	10.25939	9.430837	728.0482
1530888300	10.25939	9.415423	728.0482
1530888600	10.25939	9.438554	671.6501
1530888900	10.25939	9.423127	697.2856
1530889200	10.250311	9.426454	758.8108
1530889500	10.25939	9.430837	963.8948
1530889800	10.250311	9.441887	1261.2666
1530890100	10.25939	9.430837	1251.0124
1530890400	10.25939	9.461749	1445.8422
1530890700	10.277543	9.447341	2045.7129
1530891000	10.286618	9.451741	2055.9671
1530891300	10.322904	9.446153	2225.1614
1530891600	10.350105	9.459381	2394.3557
1530891900	10.377294	9.457143	2522.5332
1530892200	10.404471	9.485942	2983.9722
1530892500	10.44069	9.464873	3117.2768
1530892800	10.476888	9.467104	3250.5814
1530893100	10.522106	9.46604	2696.8546
1530893400	10.549222	9.440623	2604.5668
1530893700	10.558258	9.437322	2840.4134
1530894000	10.585358	9.427432	3481.3009
1530894300	10.621475	9.452937	5260.4046
1530894600	10.657571	9.447503	3686.3849
1530894900	10.68463	9.445376	3696.6391
1530895200	10.693647	9.442087	5362.9466
1530895500	10.738715	9.417948	4163.2052
1530895800	10.76574	9.439053	4281.1285
1530896100	10.810758	9.422682	4317.0182
1530896400	10.855745	9.437293	4906.6347
1530896700	10.855745	9.421813	5521.8867
1530897000	10.891713	9.408772	4845.1095
1530897300	10.918676	9.391301	4578.5003
1530897600	10.936646	9.377111	2804.5237
1530897900	10.963591	9.382786	2666.092
1530898200	10.97257	9.364162	3204.4375
1530898500	10.990525	9.365383	2876.3031
1530898800	11.008475	9.351245	3471.0467
1530899100	11.035391	9.372303	3829.9437
1530899400	11.080228	9.356179	3665.8765
1530899700	11.089192	9.35296	3578.7158
1530900000	11.089192	9.360644	3932.4857
1530900300	11.116076	9.358675	4142.6968
1530900600	11.151906	9.345822	4045.2819
1530900900	11.178765	9.351555	4768.203
1530901200	11.196666	9.314486	4655.4068
1530901500	11.223508	9.327869	3066.0058
1530901800	11.268222	9.319566	2517.4061
1530902100	11.2861	9.282637	2327.7034
1530902400	11.277162	9.270573	4742.5675
1530902700	11.303973	9.283913	5475.7428
1530903000	11.988705	9.271314	15617.1466
1530903300	15.374507	8.511125	153.813
1530903600	16.895222	8.196383	164.0672
1530903900	17.806074	8.037001	128.1775
1530904200	18.679598	7.914907	328.1344
1530904500	19.567108	7.828023	215.3382
