time	temp	oxy	light
1530403500	9.528789	9.430787	6342.2227
1530403800	9.528789	9.438472	5383.455
1530404100	9.5196	9.449578	5967.9444
1530404400	9.501217	9.464117	5762.8604
1530404700	9.501217	9.464117	3840.1979
1530405000	9.482828	9.447846	5055.3206
1530405300	9.473631	9.451264	4737.4404
1530405600	9.464433	9.454685	6090.9948
1530405900	9.473631	9.458966	5788.4959
1530406200	9.464433	9.462389	5578.2848
1530406500	9.464433	9.446987	5726.9707
1530406800	9.455234	9.465815	4583.6274
1530407100	9.446033	9.45383	5224.5149
1530407400	9.43683	9.449555	4788.7114
1530407700	9.427626	9.460681	4296.5098
1530408000	9.427626	9.452979	4752.8217
1530408300	9.427626	9.460681	4465.7041
1530408600	9.409214	9.452134	3963.2483
1530408900	9.400006	9.455562	3778.6727
1530409200	9.400006	9.447867	4029.9006
1530409500	9.390796	9.451294	3763.2914
1530409800	9.381585	9.431662	2835.2863
1530410100	9.372372	9.435086	3645.3681
1530410400	9.363158	9.438512	2496.8977
1530410700	9.353942	9.44194	3019.8619
1530411000	9.344725	9.453061	2814.7779
1530411300	9.335507	9.441116	2368.7202
1530411600	9.326287	9.42919	2568.6771
1530411900	9.317065	9.424947	2117.4923
1530412200	9.307842	9.420708	1907.2812
1530412500	9.298617	9.431806	2148.2549
1530412800	9.289391	9.419901	1676.5617
1530413100	9.280164	9.430999	1748.3411
1530413400	9.270935	9.426762	2020.0774
1530413700	9.261704	9.430196	1486.859
1530414000	9.243239	9.429399	1697.0701
1530414300	9.234004	9.432837	1589.401
1530414600	9.224768	9.428606	1189.4872
1530414900	9.21553	9.409066	799.8276
1530415200	9.20629	9.4125	661.3959
1530415500	9.197049	9.40064	507.5829
1530415800	9.187807	9.41172	497.3287
1530416100	9.178563	9.415158	410.168
1530416400	9.16007	9.406736	328.1344
1530416700	9.150822	9.410176	235.8466
1530417000	9.13232	9.409411	143.5588
1530417300	9.123067	9.412854	102.542
1530417600	9.113812	9.408651	71.7794
1530417900	9.104556	9.412096	66.6523
1530418200	9.095299	9.407896	51.271
1530418500	9.08604	9.4037	35.8897
1530418800	9.076779	9.414792	15.3813
1530419100	9.058253	9.421697	10.2542
1530419400	9.048988	9.425152	0
1530419700	9.039721	9.420954	5.1271
1530420000	9.030453	9.409113	0
1530420300	9.021183	9.435533	0
1530420600	9.011912	9.438998	0
1530420900	9.002639	9.442465	0
1530421200	8.993364	9.430601	0
1530421500	8.984088	9.426408	0
1530421800	8.974811	9.422218	0
1530422100	8.956251	9.444479	0
1530422400	8.946969	9.424964	0
1530422700	8.937685	9.443759	0
1530423000	8.9284	9.439567	0
1530423300	8.919113	9.458393	0
1530423600	8.909825	9.454196	0
1530423900	8.900535	9.442333	0
1530424200	8.891243	9.430489	0
1530424500	8.88195	9.456972	0
1530424800	8.872655	9.44511	0
1530425100	8.863359	9.448595	0
1530425400	8.844762	9.455571	0
1530425700	8.835461	9.459063	0
1530426000	8.816855	9.481436	0
1530426300	8.807549	9.469551	0
1530426600	8.788933	9.468866	0
1530426900	8.779623	9.480061	0
1530427200	8.770311	9.468186	0
1530427500	8.751682	9.48289	0
1530427800	8.733047	9.46684	0
1530428100	8.723728	9.493433	0
1530428400	8.714406	9.473859	0
1530428700	8.695759	9.488583	0
1530429000	8.686432	9.476712	0
1530429300	8.667775	9.483748	0
1530429600	8.658444	9.502677	0
1530429900	8.639777	9.502026	0
1530430200	8.621104	9.501379	0
1530430500	8.602424	9.516165	0
1530430800	8.593082	9.511986	0
1530431100	8.574393	9.519069	0
1530431400	8.555697	9.518437	0
1530431700	8.536995	9.510095	0
1530432000	8.518286	9.52491	0
1530432300	8.508929	9.543933	0
1530432600	8.49021	9.527848	0
1530432900	8.471485	9.542701	0
1530433200	8.46212	9.538528	0
1530433500	8.443385	9.54566	0
1530433800	8.434015	9.54923	0
1530434100	8.41527	9.548631	0
1530434400	8.405895	9.552204	0
1530434700	8.396519	9.563532	0
1530435000	8.387141	9.567113	0
1530435300	8.377761	9.57846	0
1530435600	8.377761	9.57846	0
1530435900	8.368379	9.566524	0
1530436200	8.368379	9.574283	0
1530436500	8.358996	9.577871	0
1530436800	8.349612	9.573698	0
1530437100	8.349612	9.581462	0
1530437400	8.349612	9.56594	0
1530437700	8.340225	9.577288	0
1530438000	8.330837	9.580881	0
1530438300	8.330837	9.588652	0
1530438600	8.321447	9.59225	0
1530438900	8.321447	9.57671	0
1530439200	8.312056	9.611423	0
1530439500	8.312056	9.572542	0
1530439800	8.302663	9.591674	0
1530440100	8.302663	9.576137	0
1530440400	8.293268	9.595277	0
1530440700	8.283871	9.583333	0
1530441000	8.274473	9.610276	0
1530441300	8.274473	9.586935	0
1530441600	8.265073	9.590539	0
1530441900	8.265073	9.582769	0
1530442200	8.255672	9.594145	0
1530442500	8.246269	9.605536	0
1530442800	8.236864	9.601365	0
1530443100	8.236864	9.593587	0
1530443400	8.218049	9.600811	0
1530443700	8.208639	9.620007	0
1530444000	8.189815	9.611666	0
1530444300	8.189815	9.619458	0
1530444600	8.170983	9.618914	0
1530444900	8.161565	9.614748	0
1530445200	8.152145	9.602803	0
1530445500	8.1333	9.63344	0
1530445800	8.123874	9.621474	5.1271
1530446100	8.114448	9.617314	15.3813
1530446400	8.105019	9.628745	25.6355
1530446700	8.095589	9.632384	46.1439
1530447000	8.076723	9.631864	76.9065
1530447300	8.057851	9.623552	107.6691
1530447600	8.048412	9.642802	143.5588
1530447900	8.038972	9.638643	179.4485
1530448200	8.020086	9.653762	225.5924
1530448500	8.001193	9.65326	292.2447
1530448800	7.991744	9.649103	353.7699
1530449100	7.97284	9.672079	358.897
1530449400	7.963386	9.667916	364.0241
1530449700	7.944472	9.675259	435.8035
1530450000	7.935013	9.70248	497.3287
1530450300	7.925551	9.682612	569.1081
1530450600	7.906624	9.697825	548.5997
1530450900	7.897157	9.701513	528.0913
1530451200	7.887689	9.697348	538.3455
1530451500	7.878219	9.701038	615.252
1530451800	7.868748	9.704731	728.0482
1530452100	7.859274	9.708426	789.5734
1530452400	7.859274	9.71629	871.607
1530452700	7.849799	9.727866	897.2425
1530453000	7.840322	9.715823	881.8612
1530453300	7.840322	9.731571	1281.775
1530453600	7.849799	9.727866	1040.8013
1530453900	7.849799	9.727866	886.9883
1530454200	7.849799	9.719991	1061.3097
1530454500	7.849799	9.727866	1184.3601
1530454800	7.859274	9.732041	1948.298
1530455100	7.859274	9.747819	2204.653
1530455400	7.878219	9.748296	3486.428
1530455700	7.897157	9.756681	3122.4039
1530456000	7.897157	9.76459	3050.6245
1530456300	7.906624	9.752973	2963.4638
1530456600	7.925551	9.761372	3491.5551
1530456900	7.935013	9.781421	3665.8765
1530457200	7.95393	9.773998	4706.6778
1530457500	7.963386	9.794083	4983.5412
1530457800	7.982293	9.778725	5716.7165
1530458100	8.01064	9.791406	5485.997
1530458400	8.02953	9.783994	4711.8049
1530458700	8.048412	9.768665	3271.0898
1530459000	8.048412	9.768665	5096.3374
1530459300	8.067288	9.753365	4393.9247
1530459600	8.076723	9.757589	5075.829
1530459900	8.095589	9.750217	6214.0452
1530460200	8.114448	9.758674	5234.7691
1530460500	8.1333	9.759225	3922.2315
1530460800	8.1333	9.759225	2640.4565
1530461100	8.1333	9.735503	3876.0876
1530461400	8.142723	9.731831	2261.0511
1530461700	8.142723	9.723941	4358.035
1530462000	8.161565	9.732385	6347.3498
1530462300	8.189815	9.752991	6383.2395
1530462600	8.227457	9.746224	4804.0927
1530462900	8.236864	9.75047	3486.428
1530463200	8.246269	9.738897	2942.9554
1530463500	8.255672	9.719448	5352.6924
1530463800	8.274473	9.727923	2696.8546
1530464100	8.293268	9.704854	1912.4083
1530464400	8.293268	9.689117	2414.8641
1530464700	8.312056	9.697572	3107.0226
1530465000	8.330837	9.706043	3383.886
1530465300	8.358996	9.703009	2753.2527
1530465600	8.387141	9.676392	2496.8977
1530465900	8.405895	9.677005	2076.4755
1530466200	8.424644	9.669769	2737.8714
1530466500	8.46212	9.663169	4178.5865
1530466800	8.518286	9.672931	2927.5741
1530467100	8.555697	9.666377	2214.9072
1530467400	8.593082	9.636332	2799.3966
1530467700	8.630441	9.645496	2030.3316
1530468000	8.667775	9.631183	1886.7728
1530468300	8.705083	9.616909	1891.8999
1530468600	8.751682	9.599119	1897.027
1530468900	8.788933	9.600521	2440.4996
1530469200	8.844762	9.587063	3686.3849
1530469500	8.909825	9.585712	2671.2191
1530469800	8.974811	9.584422	23999.9551
1530470100	9.048988	9.548551	33305.6416
1530470400	9.123067	9.528368	38812.147
1530470700	9.187807	9.519508	33428.692
1530471000	9.261704	9.51499	23225.763
1530471300	9.335507	9.502805	43570.0958
1530471600	9.427626	9.483827	15247.9954
1530471900	9.482828	9.463251	4004.2651
1530472200	9.556348	9.443631	4527.2293
1530472500	9.629777	9.431799	6311.4601
1530472800	9.712274	9.439728	2604.5668
1530473100	9.77636	9.408377	3906.8502
1530473400	9.831236	9.418866	2876.3031
1530473700	9.895194	9.372364	2784.0153
1530474000	9.949962	9.367593	2399.4828
1530474300	10.013795	9.359531	2491.7706
1530474600	10.05935	9.350536	3045.4974
1530474900	10.11397	9.330641	8982.6792
1530475200	10.177633	9.322735	34002.9272
1530475500	10.250311	9.319204	64170.7836
1530475800	10.313835	9.303811	38576.3004
1530476100	10.368232	9.284169	27163.3758
1530476400	10.413528	9.275433	5788.4959
1530476700	10.46784	9.271052	4399.0518
1530477000	10.504023	9.28079	7772.6836
1530477300	10.549222	9.294909	11423.1788
1530477600	10.585358	9.281914	52814.2571
1530477900	10.576326	9.28516	50666.0022
1530478200	10.612448	9.287373	67262.4249
1530478500	10.666592	9.267947	31024.0821
1530478800	10.729704	9.260518	17139.8953
1530479100	10.873732	9.254562	5778.2417
1530479400	10.95461	9.248487	8064.9283
1530479700	10.95461	9.248487	11541.1021
1530480000	10.882723	9.258938	11351.3994
1530480300	10.774746	9.244429	24645.9697
1530480600	10.828757	9.316303	9613.3125
1530480900	10.95461	9.263657	4896.3805
1530481200	11.125035	9.286587	2445.6267
1530481500	11.169813	9.232695	3455.6654
1530481800	11.232453	9.263613	2845.5405
1530482100	11.303973	9.23828	3963.2483
1530482400	10.999501	9.187258	5080.9561
1530482700	10.837754	9.237098	3481.3009
1530483000	10.801757	9.24993	2732.7443
1530483300	10.792755	9.275901	2537.9145
1530483600	10.792755	9.283501	2568.6771
1530483900	10.801757	9.280278	2302.0679
1530484200	10.819758	9.296655	2040.5858
1530484500	10.774746	9.289954	1850.8831
1530484800	10.720691	9.27892	2081.6026
1530485100	10.729704	9.30612	2076.4755
1530485400	10.729704	9.298502	1958.5522
1530485700	10.720691	9.294126	2214.9072
1530486000	10.720691	9.301739	2471.2622
1530486300	10.657571	9.278769	2204.653
1530486600	10.648549	9.304824	2599.4397
1530486900	10.639526	9.308071	2040.5858
1530487200	10.585358	9.304724	2804.5237
1530487500	10.540185	9.313388	2599.4397
1530487800	10.504023	9.303585	2589.1855
1530488100	10.504023	9.318817	1963.6793
1530488400	10.449741	9.292741	2179.0175
1530488700	10.404471	9.309077	2030.3316
1530489000	10.368232	9.329806	2220.0343
1530489300	10.377294	9.318903	3614.6055
1530489600	10.359169	9.317845	2619.9481
1530489900	10.250311	9.296399	4973.287
1530490200	10.25939	9.331147	4291.3827
1530490500	10.232149	9.325792	5475.7428
1530490800	10.141262	9.305518	4040.1548
1530491100	10.041132	9.273588	2363.5931
1530491400	9.959085	9.295769	4050.409
1530491700	9.904326	9.300515	3737.6559
1530492000	9.858655	9.317147	6270.4433
1530492300	9.831236	9.311962	3773.5456
1530492600	9.803804	9.344788	4383.6705
1530492900	9.78551	9.343868	6383.2395
1530493200	9.78551	9.359111	4111.9342
1530493500	9.748903	9.349658	4009.3922
1530493800	9.721434	9.352109	3768.4185
1530494100	9.693951	9.339342	3060.8787
1530494400	9.666456	9.341811	2527.6603
1530494700	9.648119	9.325727	2532.7874
1530495000	9.629777	9.347655	2255.924
1530495300	9.611428	9.346779	1743.214
1530495600	9.602252	9.334936	1681.6888
1530495900	9.583895	9.349279	1245.8853
1530496200	9.565532	9.333208	1030.5471
1530496500	9.556348	9.321394	851.0986
1530496800	9.537977	9.320542	758.8108
1530497100	9.5196	9.319694	640.8875
1530497400	9.501217	9.318852	558.8539
1530497700	9.492023	9.32981	517.8371
1530498000	9.473631	9.328973	461.439
1530498300	9.455234	9.32814	538.3455
1530498600	9.446033	9.331519	502.4558
1530498900	9.427626	9.330693	374.2783
1530499200	9.409214	9.337462	415.2951
1530499500	9.400006	9.356056	379.4054
1530499800	9.381585	9.355237	364.0241
1530500100	9.372372	9.335832	348.6428
1530500400	9.353942	9.342616	297.3718
1530500700	9.344725	9.368838	256.355
1530501000	9.326287	9.345209	251.2279
1530501300	9.317065	9.348608	271.7363
1530501600	9.298617	9.347812	184.5756
1530501900	9.289391	9.366431	102.542
1530502200	9.270935	9.365639	97.4149
1530502500	9.252472	9.357243	51.271
1530502800	9.243239	9.35305	61.5252
1530503100	9.234004	9.348861	46.1439
1530503400	9.21553	9.370903	25.6355
1530503700	9.20629	9.366708	25.6355
1530504000	9.197049	9.362518	15.3813
1530504300	9.178563	9.376975	15.3813
1530504600	9.169317	9.372783	10.2542
1530504900	9.16007	9.368595	10.2542
1530505200	9.141572	9.367835	5.1271
1530505500	9.13232	9.394131	10.2542
1530505800	9.123067	9.374692	0
1530506100	9.113812	9.393374	0
1530506400	9.104556	9.381559	0
1530506700	9.08604	9.4037	0
1530507000	9.076779	9.407146	0
1530507300	9.067517	9.38769	0
1530507600	9.058253	9.406401	0
1530507900	9.048988	9.402211	0
1530508200	9.039721	9.398025	0
1530508500	9.021183	9.404926	0
1530508800	9.011912	9.40838	0
1530509100	9.002639	9.404196	0
1530509400	9.002639	9.396562	0
1530509700	8.984088	9.403471	0
1530510000	8.974811	9.422218	0
1530510300	8.965532	9.410388	0
1530510600	8.956251	9.41385	0
1530510900	8.946969	9.409671	0
1530511200	8.937685	9.428433	0
1530511500	8.919113	9.435379	0
1530511800	8.909825	9.438855	0
1530512100	8.900535	9.411721	0
1530512400	8.88195	9.426311	0
1530512700	8.872655	9.429788	0
1530513000	8.863359	9.433267	0
1530513300	8.854061	9.436749	0
1530513600	8.835461	9.451387	0
1530513900	8.826159	9.439542	0
1530514200	8.816855	9.44303	0
1530514500	8.798242	9.442347	0
1530514800	8.788933	9.453508	0
1530515100	8.779623	9.457005	0
1530515400	8.760997	9.448659	0
1530515700	8.751682	9.46751	0
1530516000	8.733047	9.459162	0
1530516300	8.723728	9.470348	0
1530516600	8.714406	9.466175	0
1530516900	8.695759	9.457839	0
1530517200	8.686432	9.484404	0
1530517500	8.677105	9.449517	0
1530517800	8.667775	9.491446	0
1530518100	8.658444	9.479576	0
1530518400	8.639777	9.478929	0
1530518700	8.630441	9.482452	0
1530519000	8.621104	9.478286	0
1530519300	8.602424	9.485338	0
1530519600	8.593082	9.496567	0
1530519900	8.583738	9.4924	0
1530520200	8.574393	9.488236	0
1530520500	8.565046	9.507178	0
1530520800	8.555697	9.51072	0
1530521100	8.546346	9.498845	0
1530521400	8.527641	9.513641	0
1530521700	8.518286	9.517189	0
1530522000	8.508929	9.513022	0
1530522300	8.49021	9.512409	0
1530522600	8.49021	9.520125	0
1530522900	8.471485	9.527237	0
1530523200	8.46212	9.523072	0
1530523500	8.452753	9.511198	0
1530523800	8.452753	9.534359	0
1530524100	8.434015	9.518312	0
1530524400	8.424644	9.537324	0
1530524700	8.41527	9.548631	0
1530525000	8.405895	9.529001	0
1530525300	8.405895	9.544463	0
1530525600	8.396519	9.532569	0
1530525900	8.387141	9.543873	0
1530526200	8.377761	9.539712	0
1530526500	8.368379	9.543287	0
1530526800	8.358996	9.554606	0
1530527100	8.349612	9.550444	0
1530527400	8.340225	9.561773	0
1530527700	8.330837	9.549868	0
1530528000	8.321447	9.561198	0
1530528300	8.312056	9.541562	0
1530528600	8.312056	9.580305	0
1530528900	8.293268	9.571973	0
1530529200	8.283871	9.567812	0
1530529500	8.274473	9.563655	0
1530529800	8.265073	9.567251	0
1530530100	8.246269	9.574449	0
1530530400	8.236864	9.570294	0
1530530700	8.236864	9.5548	0
1530531000	8.218049	9.577502	0
1530531300	8.208639	9.581109	0
1530531600	8.199228	9.592487	0
1530531900	8.189815	9.580566	0
1530532200	8.1804	9.584177	5.1271
1530532500	8.170983	9.595562	5.1271
1530532800	8.161565	9.599181	15.3813
1530533100	8.152145	9.595027	25.6355
1530533400	8.142723	9.606427	46.1439
1530533700	8.1333	9.617842	56.3981
1530534000	8.123874	9.59812	97.4149
1530534300	8.114448	9.601746	128.1775
1530534600	8.105019	9.620948	169.1943
1530534900	8.095589	9.609005	199.9569
1530535200	8.086157	9.628223	235.8466
1530535500	8.076723	9.631864	307.626
1530535800	8.067288	9.635508	425.5493
1530536100	8.057851	9.639154	476.8203
1530536400	8.057851	9.646965	435.8035
1530536700	8.048412	9.650616	435.8035
1530537000	8.038972	9.65427	538.3455
1530537300	8.02953	9.642294	717.794
1530537600	8.02953	9.642294	569.1081
1530537900	8.020086	9.653762	733.1753
1530538200	8.01064	9.64179	851.0986
1530538500	8.001193	9.65326	1804.7392
1530538800	8.001193	9.684588	1553.5113
1530539100	8.001193	9.676746	1363.8086
1530539400	7.991744	9.680415	2158.5091
1530539700	7.982293	9.699789	2983.9722
1530540000	7.982293	9.699789	2927.5741
1530540300	7.982293	9.707651	2353.3389
1530540600	7.982293	9.699789	2220.0343
1530540900	7.982293	9.71552	2435.3725
1530541200	7.982293	9.71552	1507.3674
1530541500	7.97284	9.695611	1251.0124
1530541800	7.97284	9.68776	1999.569
1530542100	7.963386	9.69929	2548.1687
1530542400	7.963386	9.707151	1866.2644
1530542700	7.963386	9.715019	2912.1928
1530543000	7.963386	9.69929	3363.3776
1530543300	7.963386	9.730776	4070.9174
1530543600	7.97284	9.727085	3829.9437
1530543900	7.97284	9.734971	3742.783
1530544200	7.97284	9.75867	4004.2651
1530544500	7.982293	9.723396	4281.1285
1530544800	7.991744	9.759181	5239.8962
1530545100	8.001193	9.731789	4973.287
1530545400	8.001193	9.747578	5742.352
1530545700	8.01064	9.751788	5603.9203
1530546000	8.020086	9.771836	5327.0569
1530546300	8.02953	9.768137	4029.9006
1530546600	8.02953	9.768137	4224.7304
1530546900	8.02953	9.744405	3994.0109
1530547200	8.02953	9.736508	3640.241
1530547500	8.02953	9.744405	5224.5149
1530547800	8.038972	9.756525	3778.6727
1530548100	8.038972	9.756525	3999.138
1530548400	8.048412	9.744929	4347.7808
1530548700	8.048412	9.744929	4168.3323
1530549000	8.057851	9.733348	2850.6676
1530549300	8.057851	9.725461	5327.0569
1530549600	8.067288	9.73756	6096.1219
1530549900	8.095589	9.750217	5814.1314
1530550200	8.114448	9.742855	6844.6785
1530550500	8.114448	9.758674	5347.5653
1530550800	8.123874	9.754991	3927.3586
1530551100	8.123874	9.739178	4752.8217
1530551400	8.152145	9.736056	3481.3009
1530551700	8.170983	9.720829	2691.7275
1530552000	8.1804	9.709288	2825.0321
1530552300	8.189815	9.713506	1881.6457
1530552600	8.208639	9.706194	1886.7728
1530552900	8.236864	9.687381	2712.2359
1530553200	8.265073	9.676461	1840.6289
1530553500	8.293268	9.689117	1876.5186
1530553800	8.312056	9.673993	1927.7896
1530554100	8.340225	9.663114	2055.9671
1530554400	8.368379	9.667935	2312.3221
1530554700	8.405895	9.669152	2189.2717
1530555000	8.443385	9.639041	1994.4419
1530555300	8.471485	9.636064	2102.111
1530555600	8.518286	9.633735	2225.1614
1530555900	8.555697	9.627202	2199.5259
1530556200	8.621104	9.625592	15770.9596
1530556500	8.686432	9.608415	32562.2121
1530556800	8.742366	9.594872	4399.0518
1530557100	11.259282	9.299807	51.271
1530557400	12.763762	9.049772	71.7794
1530557700	13.627221	8.888719	66.6523
1530558000	14.293334	8.717891	92.2878
1530558300	14.929531	8.526522	210.2111
1530558600	15.647557	8.365826	15.3813
1530403560	9.528789	9.430787	87.1607
1530403620	9.528789	9.438472	133.3046
