time	temp	oxy	light
1530230700	9.127076	9.533341	831.2118
1530231000	9.108563	9.555759	610.8906
1530231300	9.090044	9.539489	475.6935
1530231600	9.062254	9.549918	841.2264
1530231900	9.03445	9.537154	936.3651
1530232200	9.015906	9.559595	896.3067
1530232500	8.997356	9.582094	731.0658
1530232800	8.96952	9.553816	680.9928
1530233100	8.94167	9.572053	540.7884
1530233400	8.913806	9.551572	350.511
1530233700	8.885927	9.562075	145.2117
1530234000	8.848734	9.552879	120.1752
1530234300	8.820823	9.547936	125.1825
1530234600	8.783586	9.546518	120.1752
1530234900	8.755641	9.557061	110.1606
1530235200	8.727682	9.552156	105.1533
1530235500	8.699709	9.570465	100.146
1530235800	8.671721	9.573315	105.1533
1530236100	8.653055	9.588141	115.1679
1530236400	8.625043	9.591013	135.1971
1530236700	8.597017	9.60166	120.1752
1530237000	8.578325	9.593239	110.1606
1530237300	8.559626	9.608115	175.2555
1530237600	8.531565	9.618804	200.292
1530237900	8.51285	9.61816	150.219
1530238200	8.494129	9.633089	175.2555
1530238500	8.4754	9.640246	105.1533
1530238800	8.447296	9.635405	85.1241
1530239100	8.437924	9.631198	80.1168
1530239400	8.419177	9.630579	85.1241
1530239700	8.400422	9.637752	100.146
1530240000	8.381661	9.644935	80.1168
1530240300	8.372278	9.632945	70.1022
1530240600	8.344119	9.643728	50.073
1530240900	8.325337	9.635344	55.0803
1530241200	8.315944	9.646734	65.0949
1530241500	8.297153	9.646146	70.1022
1530241800	8.278355	9.65336	70.1022
1530242100	8.259551	9.660584	85.1241
1530242400	8.24074	9.667818	60.0876
1530242700	8.231332	9.663627	45.0657
1530243000	8.21251	9.655258	35.0511
1530243300	8.193682	9.670307	35.0511
1530243600	8.184265	9.673935	30.0438
1530243900	8.165427	9.67338	30.0438
1530244200	8.156005	9.661393	20.0292
1530244500	8.146582	9.67283	15.0219
1530244800	8.12773	9.6801	15.0219
1530245100	8.118301	9.699393	15.0219
1530245400	8.099439	9.698853	10.0146
1530245700	8.090006	9.694669	0
1530246000	8.08057	9.69049	5.0073
1530246300	8.071133	9.694138	0
1530246600	8.052254	9.693612	0
1530246900	8.042812	9.697265	0
1530247200	8.023922	9.688922	0
1530247500	8.014475	9.708238	0
1530247800	7.995575	9.715566	0
1530248100	7.976668	9.722904	0
1530248400	7.967212	9.718728	0
1530248700	7.957754	9.722401	0
1530249000	7.938833	9.721903	0
1530249300	7.92937	9.72558	0
1530249600	7.910439	9.72509	0
1530249900	7.891501	9.732456	0
1530250200	7.882029	9.736143	0
1530250500	7.86308	9.727812	0
1530250800	7.844124	9.74305	0
1530251100	7.834644	9.746747	0
1530251400	7.815677	9.746281	0
1530251700	7.806192	9.742119	0
1530252000	7.787215	9.757392	0
1530252300	7.777724	9.76898	0
1530252600	7.758736	9.760649	0
1530252900	7.74924	9.772243	0
1530253200	7.730241	9.779684	0
1530253500	7.72074	9.77552	0
1530253800	7.701731	9.78297	0
1530254100	7.692224	9.786699	0
1530254400	7.682715	9.790431	0
1530254700	7.663691	9.797902	0
1530255000	7.654177	9.785843	0
1530255300	7.635143	9.809128	0
1530255600	7.625623	9.797059	0
1530255900	7.616102	9.80871	0
1530256200	7.606579	9.81246	0
1530256500	7.587527	9.819966	0
1530256800	7.577998	9.807893	0
1530257100	7.568467	9.827483	0
1530257400	7.549401	9.819162	0
1530257700	7.549401	9.803341	0
1530258000	7.530327	9.810856	0
1530258300	7.520788	9.830455	0
1530258600	7.501703	9.814232	0
1530258900	7.492158	9.849709	0
1530259200	7.482611	9.845548	0
1530259500	7.473062	9.833461	0
1530259800	7.45396	9.848953	0
1530260100	7.444405	9.844799	0
1530260400	7.434849	9.824799	0
1530260700	7.415732	9.840285	0
1530261000	7.40617	9.852009	0
1530261300	7.387042	9.851653	0
1530261600	7.377474	9.863393	0
1530261900	7.358335	9.870995	0
1530262200	7.348762	9.850958	0
1530262500	7.339188	9.8627	0
1530262800	7.320033	9.862363	0
1530263100	7.310453	9.882082	0
1530263400	7.300871	9.877935	0
1530263700	7.291287	9.88175	0
1530264000	7.272114	9.89736	0
1530264300	7.262525	9.877284	0
1530264600	7.24334	9.876967	0
1530264900	7.233745	9.888752	0
1530265200	7.21455	9.904386	0
1530265500	7.204949	9.884308	0
1530265800	7.195347	9.904079	0
1530266100	7.185742	9.899941	0
1530266400	7.176136	9.911759	0
1530266700	7.156918	9.903485	0
1530267000	7.147306	9.907328	0
1530267300	7.137692	9.911174	0
1530267600	7.118459	9.934864	0
1530267900	7.118459	9.91089	0
1530268200	7.099218	9.926585	0
1530268500	7.089595	9.922452	0
1530268800	7.070342	9.930173	0
1530269100	7.060713	9.926042	0
1530269400	7.051082	9.937905	0
1530269700	7.04145	9.917792	0
1530270000	7.031815	9.929646	0
1530270300	7.022178	9.941516	0
1530270600	7.002899	9.957283	0
1530270900	6.993257	9.95315	0
1530271200	6.983612	9.949021	0
1530271500	6.973966	9.944896	0
1530271800	6.964318	9.95679	0
1530272100	6.954668	9.960679	0
1530272400	6.945016	9.96457	0
1530272700	6.935362	9.968464	0
1530273000	6.925706	9.964337	0
1530273300	6.916048	9.984294	0
1530273600	6.896726	9.984068	5.0073
1530273900	6.896726	9.976035	10.0146
1530274200	6.877397	9.975816	15.0219
1530274500	6.877397	9.975816	15.0219
1530274800	6.86773	9.971695	10.0146
1530275100	6.85806	9.975602	20.0292
1530275400	6.848389	9.987545	25.0365
1530275700	6.838715	9.999505	35.0511
1530276000	6.82904	9.995379	40.0584
1530276300	6.82904	9.987339	30.0438
1530276600	6.819363	10.015407	25.0365
1530276900	6.809684	10.011277	35.0511
1530277200	6.800002	10.007151	45.0657
1530277500	6.800002	9.999102	65.0949
1530277800	6.790319	10.019139	100.146
1530278100	6.790319	10.019139	120.1752
1530278400	6.780634	10.015012	110.1606
1530278700	6.780634	10.023074	95.1387
1530279000	6.780634	10.023074	95.1387
1530279300	6.780634	10.015012	100.146
1530279600	6.770947	10.018947	120.1752
1530279900	6.780634	10.031144	165.2409
1530280200	6.780634	10.023074	150.219
1530280500	6.780634	10.015012	145.2117
1530280800	6.780634	10.047303	150.219
1530281100	6.780634	10.031144	195.2847
1530281400	6.780634	10.03922	190.2774
1530281700	6.780634	10.015012	175.2555
1530282000	6.790319	10.051447	270.3942
1530282300	6.790319	10.035279	315.4599
1530282600	6.800002	10.039418	400.584
1530282900	6.809684	10.04356	485.7081
1530283200	6.819363	10.039621	530.7738
1530283500	6.838715	10.03983	355.5183
1530283800	6.848389	10.035897	250.365
1530284100	6.85806	10.040046	270.3942
1530284400	6.86773	10.036114	395.5767
1530284700	6.877397	10.032186	385.5621
1530285000	6.887063	10.044423	430.6278
1530285300	6.906388	10.036568	415.6059
1530285600	6.916048	10.016499	415.6059
1530285900	6.935362	10.016735	400.584
1530286200	6.954668	10.008913	420.6132
1530286500	6.964318	10.013067	420.6132
1530286800	6.983612	10.005256	425.6205
1530287100	7.002899	10.013574	445.6497
1530287400	7.022178	9.997716	455.6643
1530287700	7.04145	9.997982	465.6789
1530288000	7.060713	9.990202	485.7081
1530288300	7.070342	9.994365	520.7592
1530288600	7.099218	9.982714	580.8468
1530288900	7.108839	9.994931	605.8833
1530289200	7.128076	9.987171	660.9636
1530289500	7.147306	9.979422	696.0147
1530289800	7.176136	9.983899	756.1023
1530290100	7.204949	9.964267	816.1899
1530290400	7.233745	9.960729	876.2775
1530290700	7.272114	9.96942	891.2994
1530291000	7.300871	9.957877	906.3213
1530291300	7.329611	9.93033	951.387
1530291600	7.367906	9.939048	996.4527
1530291900	7.40617	9.947799	996.4527
1530292200	7.444405	9.932515	1006.4673
1530292500	7.492158	9.92147	1126.6425
1530292800	7.549401	9.898684	1096.5987
1530293100	7.587527	9.907504	1081.5768
1530293400	7.635143	9.896582	1096.5987
1530293700	7.682715	9.893686	1161.6936
1530294000	7.74924	9.867353	1256.8323
1530294300	7.806192	9.868764	1181.7228
1530294600	7.872555	9.866489	1336.9491
1530294900	7.948294	9.860553	1767.5769
1530295200	8.033368	9.85896	1817.6499
1530295500	8.108871	9.83728	1742.5404
1530295800	8.156005	9.834725	1056.5403
1530296100	8.146582	9.822513	721.0512
1530296400	8.118301	9.809756	736.0731
1530296700	8.090006	9.804957	1151.679
1530297000	8.08057	9.80072	1361.9856
1530297300	8.118301	9.841541	1997.9127
1530297600	8.24074	9.841354	2083.0368
1530297900	8.372278	9.805914	1412.0586
1530298200	8.381661	9.794329	1341.9564
1530298500	8.344119	9.785149	1517.2119
1530298800	8.30655	9.768096	1306.9053
1530299100	8.278355	9.794887	1467.1389
1530299400	8.297153	9.811362	1997.9127
1530299700	8.391042	9.790683	2183.1828
1530300000	8.522209	9.779412	2388.4821
1530300300	8.597017	9.782142	2904.234
1530300600	8.671721	9.753282	2658.8763
1530300900	8.737003	9.759755	4030.8765
1530301200	8.764958	9.725305	5182.5555
1530301500	8.774272	9.745405	2328.3945
1530301800	8.774272	9.698116	1902.774
1530302100	8.774272	9.70598	17260.1631
1530302400	8.820823	9.703887	19313.1561
1530302700	8.858035	9.697516	27590.223
1530303000	8.904514	9.68762	15978.2943
1530303300	8.950955	9.669916	2663.8836
1530303600	8.96952	9.647191	1742.5404
1530303900	8.96952	9.639371	3870.6429
1530304200	8.988079	9.647967	3024.4092
1530304500	9.025179	9.673049	4516.5846
1530304800	9.006632	9.625302	1341.9564
1530305100	9.03445	9.622574	8342.1618
1530305400	9.052987	9.631173	9839.3445
1530305700	9.13633	9.638708	8767.7823
1530306000	9.173331	9.601314	1792.6134
1530306300	9.173331	9.585746	1467.1389
1530306600	9.145583	9.596195	2383.4748
1530306900	9.145583	9.603983	3670.3509
1530307200	9.164083	9.589227	2218.2339
1530307500	9.182578	9.59783	1542.2484
1530307800	9.173331	9.593527	1417.0659
1530308100	9.182578	9.590046	1201.752
1530308400	9.182578	9.574498	1341.9564
1530308700	9.182578	9.582268	1647.4017
1530309000	9.173331	9.585746	1316.9199
1530309300	9.164083	9.581451	1116.6279
1530309600	9.154834	9.569395	1387.0221
1530309900	9.154834	9.59271	1236.8031
1530310200	9.154834	9.59271	1301.898
1530310500	9.154834	9.57716	1497.1827
1530310800	9.154834	9.600495	2814.1026
1530311100	9.154834	9.59271	2779.0515
1530311400	9.173331	9.570207	2488.6281
1530311700	9.173331	9.562448	2428.5405
1530312000	9.173331	9.554696	1717.5039
1530312300	9.164083	9.558165	1066.5549
1530312600	9.154834	9.546142	966.4089
1530312900	9.145583	9.549611	926.3505
1530313200	9.13633	9.553082	811.1826
1530313500	9.127076	9.541072	1001.46
1530313800	9.127076	9.54881	1026.4965
1530314100	9.13633	9.560832	1146.6717
1530314400	9.145583	9.541872	1111.6206
1530314700	9.154834	9.553886	1016.4819
1530315000	9.154834	9.561637	966.4089
1530315300	9.154834	9.561637	956.3943
1530315600	9.145583	9.580639	1001.46
1530315900	9.13633	9.560832	986.4381
1530316200	9.13633	9.553082	871.2702
1530316500	9.127076	9.572067	721.0512
1530316800	9.11782	9.560031	746.0877
1530317100	9.108563	9.579031	746.0877
1530317400	9.108563	9.563509	811.1826
1530317700	9.099304	9.566989	746.0877
1530318000	9.090044	9.554967	535.7811
1530318300	9.080782	9.550701	350.511
1530318600	9.062254	9.542182	200.292
1530318900	9.03445	9.537154	205.2993
1530319200	9.006632	9.524424	280.4088
1530319500	8.988079	9.523666	180.2628
1530319800	8.96952	9.530628	195.2847
1530320100	8.950955	9.529879	160.2336
1530320400	8.923095	9.532624	100.146
1530320700	8.895222	9.543104	85.1241
1530321000	8.876631	9.53465	80.1168
1530321300	8.848734	9.545148	75.1095
1530321600	8.820823	9.555667	75.1095
1530321900	8.802207	9.554954	70.1022
1530322200	8.783586	9.569725	75.1095
1530322500	8.755641	9.572543	75.1095
1530322800	8.727682	9.559887	80.1168
1530323100	8.709035	9.551469	100.146
1530323400	8.690381	9.573995	90.1314
1530323700	8.671721	9.581063	85.1241
1530324000	8.653055	9.595901	60.0876
1530324300	8.625043	9.583258	50.073
1530324600	8.606361	9.605876	50.073
1530324900	8.587671	9.597447	50.073
1530325200	8.568976	9.604557	50.073
1530325500	8.550274	9.611676	50.073
1530325800	8.531565	9.595496	50.073
1530326100	8.51285	9.61816	40.0584
1530326400	8.494129	9.625302	40.0584
1530326700	8.4754	9.616889	35.0511
1530327000	8.456666	9.624039	40.0584
1530327300	8.447296	9.627617	30.0438
1530327600	8.428551	9.626996	35.0511
1530327900	8.4098	9.641956	30.0438
1530328200	8.391042	9.641342	30.0438
1530328500	8.381661	9.637142	25.0365
1530328800	8.362893	9.644329	25.0365
1530329100	8.344119	9.643728	30.0438
1530329400	8.325337	9.650929	30.0438
1530329700	8.315944	9.662339	30.0438
1530330000	8.297153	9.653944	15.0219
1530330300	8.278355	9.676791	15.0219
1530330600	8.268954	9.664777	15.0219
1530330900	8.250146	9.6642	10.0146
1530331200	8.231332	9.679256	10.0146
1530331500	8.221922	9.675061	10.0146
1530331800	8.203097	9.69014	5.0073
1530332100	8.193682	9.662499	0
1530332400	8.174847	9.685385	5.0073
1530332700	8.165427	9.69685	0
1530333000	8.156005	9.684831	0
1530333300	8.146582	9.688468	0
1530333600	8.12773	9.703584	0
1530333900	8.108871	9.695206	0
1530334200	8.099439	9.706689	0
1530334500	8.08057	9.706153	0
1530334800	8.071133	9.709807	0
1530335100	8.052254	9.701442	0
1530335400	8.042812	9.705098	0
1530335700	8.033368	9.716598	0
1530336000	8.005026	9.727596	0
1530336300	7.986122	9.742805	0
1530336600	7.986122	9.727084	0
1530336900	7.967212	9.734433	0
1530337200	7.938833	9.737611	0
1530337500	7.92937	9.741294	0
1530337800	7.910439	9.748667	0
1530338100	7.900971	9.744489	0
1530338400	7.891501	9.763929	0
1530338700	7.872555	9.755566	0
1530339000	7.853603	9.770848	0
1530339300	7.834644	9.770372	0
1530339600	7.834644	9.76249	0
1530339900	7.815677	9.769903	0
1530340200	7.796704	9.777325	0
1530340500	7.787215	9.788937	0
1530340800	7.777724	9.784758	0
1530341100	7.768231	9.780583	0
1530341400	7.74924	9.788025	0
1530341700	7.730241	9.787577	0
1530342000	7.72074	9.791305	0
1530342300	7.711236	9.80294	0
1530342600	7.692224	9.810413	0
1530342900	7.682715	9.814154	0
1530343200	7.663691	9.805808	0
1530343500	7.654177	9.817467	0
1530343800	7.635143	9.824965	0
1530344100	7.635143	9.809128	0
1530344400	7.616102	9.824546	0
1530344700	7.597054	9.832059	0
1530345000	7.587527	9.835819	0
1530345300	7.568467	9.843348	0
1530345600	7.558935	9.839177	0
1530345900	7.549401	9.842945	0
1530346200	7.530327	9.850489	0
1530346500	7.520788	9.854264	0
1530346800	7.501703	9.853874	0
1530347100	7.492158	9.841771	0
1530347400	7.482611	9.85349	0
1530347700	7.463512	9.869012	0
1530348000	7.444405	9.860684	0
1530348300	7.434849	9.856525	0
1530348600	7.425291	9.868267	0
1530348900	7.415732	9.85616	0
1530349200	7.396607	9.871701	0
1530349500	7.387042	9.867545	0
1530349800	7.367906	9.875149	0
1530350100	7.358335	9.88692	0
1530350400	7.348762	9.882762	0
1530350700	7.339188	9.886573	0
1530351000	7.320033	9.894203	0
1530351300	7.300871	9.901843	0
1530351600	7.300871	9.893867	0
1530351900	7.281702	9.893536	0
1530352200	7.272114	9.889388	0
1530352500	7.262525	9.909168	0
1530352800	7.252934	9.905015	0
1530353100	7.233745	9.912681	0
1530353400	7.224149	9.908531	0
1530353700	7.21455	9.920357	0
1530354000	7.204949	9.9242	0
1530354300	7.195347	9.928045	0
1530354600	7.185742	9.923894	0
1530354900	7.166528	9.931591	0
1530355200	7.156918	9.943451	0
1530355500	7.147306	9.939299	0
1530355800	7.137692	9.951171	0
1530356100	7.128076	9.939009	0
1530356400	7.108839	9.922728	0
1530356700	7.099218	9.950598	0
1530357000	7.089595	9.946453	0
1530357300	7.079969	9.950321	0
1530357600	7.070342	9.938172	0
1530357900	7.051082	9.961942	0
1530358200	7.051082	9.953923	0
1530358500	7.031815	9.961678	0
1530358800	7.022178	9.965559	0
1530359100	7.022178	9.965559	0
1530359400	7.002899	9.981365	0
1530359700	6.993257	9.961166	0
1530360000	6.983612	9.957033	0
1530360300	6.973966	9.976972	5.0073
1530360600	6.964318	9.980867	5.0073
1530360900	6.954668	9.984764	10.0146
1530361200	6.945016	9.99671	10.0146
1530361500	6.935362	9.992568	15.0219
1530361800	6.925706	9.988429	20.0292
1530362100	6.916048	10.008437	25.0365
1530362400	6.906388	10.004294	30.0438
1530362700	6.896726	10.008208	35.0511
1530363000	6.896726	10.008208	40.0584
1530363300	6.896726	10.000154	65.0949
1530363600	6.887063	10.02826	80.1168
1530363900	6.887063	10.020189	90.1314
1530364200	6.887063	10.020189	95.1387
1530364500	6.887063	10.02826	125.1825
1530364800	6.887063	10.020189	130.1898
1530365100	6.887063	10.02826	190.2774
1530365400	6.896726	10.032412	180.2628
1530365700	6.896726	10.040494	180.2628
1530366000	6.896726	10.024337	180.2628
1530366300	6.916048	10.032644	190.2774
1530366600	6.916048	10.040727	195.2847
1530366900	6.925706	10.036803	215.3139
1530367200	6.925706	10.044891	205.2993
1530367500	6.935362	10.032882	170.2482
1530367800	6.945016	10.037045	115.1679
1530368100	6.954668	10.025048	240.3504
1530368400	6.964318	10.021135	245.3577
1530368700	6.973966	10.025297	160.2336
1530369000	6.983612	10.021387	145.2117
1530369300	6.983612	10.013318	185.2701
1530369600	6.993257	10.017479	205.2993
1530369900	7.002899	10.029721	255.3723
1530370200	7.002899	10.013574	270.3942
1530370500	7.01254	10.009672	280.4088
1530370800	7.01254	10.017739	300.438
1530371100	7.031815	10.018004	325.4745
1530371400	7.031815	10.018004	350.511
1530371700	7.051082	10.010207	375.5475
1530372000	7.060713	9.990202	400.584
1530372300	7.070342	10.010483	395.5767
1530372600	7.070342	10.02663	585.8541
1530372900	7.089595	10.026915	410.5986
1530373200	7.108839	10.019126	701.022
1530373500	7.128076	10.043683	505.7373
1530373800	7.147306	10.00358	680.9928
1530374100	7.166528	10.028111	746.0877
1530374400	7.195347	10.008387	716.0439
1530374700	7.204949	10.028744	841.2264
1530375000	7.233745	10.017108	901.314
1530375300	7.252934	10.001294	731.0658
1530375600	7.281702	10.01391	1026.4965
1530375900	7.310453	9.994255	1186.7301
1530376200	7.348762	10.003034	1201.752
1530376500	7.377474	10.007622	1251.825
1530376800	7.415732	10.000302	1316.9199
1530377100	7.444405	9.996846	1161.6936
1530377400	7.482611	9.98957	1091.5914
1530377700	7.511246	9.986145	1101.606
1530378000	7.530327	9.962396	841.2264
1530378300	7.558935	9.958998	901.314
1530378600	7.568467	9.955188	836.2191
1530378900	7.587527	9.931527	450.657
1530379200	7.606579	9.931953	355.5183
1530379500	7.616102	9.912142	771.1242
1530379800	7.635143	9.936615	1251.825
1530380100	7.673204	9.921465	1221.7812
1530380400	7.730241	9.930854	1417.0659
1530380700	7.777724	9.911993	1261.8396
1530381000	7.844124	9.917705	1161.6936
1530381300	7.92937	9.891969	1296.8907
1530381600	8.014475	9.874375	2093.0514
1530381900	8.08057	9.880299	1306.9053
1530382200	8.137157	9.850076	1346.9637
1530382500	8.174847	9.851232	1527.2265
1530382800	8.24074	9.833392	1897.7667
1530383100	8.315944	9.835837	1827.6645
1530383400	8.400422	9.818791	1782.5988
1530383700	8.456666	9.812794	1872.7302
1530384000	8.494129	9.798233	1572.2922
1530384300	8.54092	9.795947	1857.7083
1530384600	8.606361	9.770605	1667.4309
1530384900	8.653055	9.776319	2133.1098
1530385200	8.671721	9.769107	2178.1755
1530385500	8.671721	9.753282	1562.2776
1530385800	8.653055	9.744675	1922.8032
1530386100	10.73381	9.436172	5407.884
1530386400	13.248254	8.947649	1457.1243
1530386700	14.786884	8.641114	1011.4746
1530387000	15.973636	8.420018	1061.5476
1530387300	16.990071	8.260784	1266.8469
1530387600	17.958619	8.103439	1366.9929
1530387900	18.897848	7.82983	1071.5622
1530388200	19.508336	7.734036	230.3358
