time	temp	oxy	light
1530576300	10.666592	9.351785	1425.3338
1530576600	10.639526	9.346252	1107.4536
1530576900	10.612448	9.348386	1179.233
1530577200	10.585358	9.350529	1292.0292
1530577500	10.558258	9.352682	1327.9189
1530577800	10.522106	9.358121	989.5303
1530578100	10.494979	9.360297	835.7173
1530578400	10.46784	9.377818	758.8108
1530578700	10.449741	9.376724	692.1585
1530579000	10.422583	9.378927	635.7604
1530579300	10.404471	9.38552	594.7436
1530579600	10.386354	9.39212	558.8539
1530579900	10.368232	9.391043	533.2184
1530580200	10.341039	9.400963	512.71
1530580500	10.313835	9.403208	487.0745
1530580800	10.295692	9.386781	466.5661
1530581100	10.277543	9.416479	430.6764
1530581400	10.25939	9.423127	405.0409
1530581700	10.241231	9.429783	369.1512
1530582000	10.223067	9.421027	358.897
1530582300	10.204897	9.427689	348.6428
1530582600	10.177633	9.437698	338.3886
1530582900	10.168543	9.441039	333.2615
1530583200	10.150357	9.440005	323.0073
1530583500	10.132166	9.438977	317.8802
1530583800	10.11397	9.461126	312.7531
1530584100	10.10487	9.44902	302.4989
1530584400	10.086666	9.455727	297.3718
1530584700	10.05935	9.458069	287.1176
1530585000	10.041132	9.457059	276.8634
1530585300	10.022909	9.463785	271.7363
1530585600	9.995564	9.473889	261.4821
1530585900	9.977327	9.472892	251.2279
1530586200	9.959085	9.479642	240.9737
1530586500	9.940838	9.470914	235.8466
1530586800	9.913456	9.488799	225.5924
1530587100	9.895194	9.503334	215.3382
1530587400	9.876928	9.502357	199.9569
1530587700	9.858655	9.509148	189.7027
1530588000	9.831236	9.51158	174.3214
1530588300	9.81295	9.526165	164.0672
1530588600	9.78551	9.505302	143.5588
1530588900	9.767209	9.519885	133.3046
1530589200	9.739748	9.514581	112.7962
1530589500	9.712274	9.532607	97.4149
1530589800	9.693951	9.547246	82.0336
1530590100	9.666456	9.541952	66.6523
1530590400	9.648119	9.533243	51.271
1530590700	9.620603	9.54354	35.8897
1530591000	9.602252	9.558212	25.6355
1530591300	9.574714	9.552947	15.3813
1530591600	9.547163	9.578908	10.2542
1530591900	9.528789	9.56239	5.1271
1530592200	9.492023	9.568408	0
1530592500	9.482828	9.571868	0
1530592800	9.446033	9.585728	0
1530593100	9.418421	9.596146	0
1530593400	9.400006	9.587453	0
1530593700	9.381585	9.610069	0
1530594000	9.353942	9.604857	0
1530594300	9.335507	9.611834	0
1530594600	9.307842	9.614475	0
1530594900	9.270935	9.636326	0
1530595200	9.234004	9.650371	0
1530595500	9.224768	9.630309	0
1530595800	9.197049	9.656577	0
1530596100	9.169317	9.651408	0
1530596400	9.150822	9.650592	0
1530596700	9.113812	9.67259	0
1530597000	9.095299	9.671784	0
1530597300	9.067517	9.674526	0
1530597600	9.039721	9.677279	0
1530597900	9.021183	9.676493	0
1530598200	8.993364	9.695044	0
1530598500	8.965532	9.705731	0
1530598800	8.937685	9.700625	0
1530599100	8.919113	9.715673	0
1530599400	8.891243	9.71849	0
1530599700	8.872655	9.709827	0
1530600000	8.844762	9.736413	0
1530600300	8.816855	9.747195	0
1530600600	8.798242	9.746456	0
1530600900	8.770311	9.741393	0
1530601200	8.742366	9.736346	0
1530601500	8.723728	9.743555	0
1530601800	8.695759	9.762328	0
1530602100	8.677105	9.75368	0
1530602400	8.649111	9.772488	0
1530602700	8.630441	9.771791	0
1530603000	8.602424	9.77473	0
1530603300	8.583738	9.782	0
1530603600	8.555697	9.769057	0
1530603900	8.527641	9.795895	0
1530604200	8.49957	9.79888	0
1530604500	8.480848	9.806191	0
1530604800	8.452753	9.825163	0
1530605100	8.434015	9.824511	0
1530605400	8.405895	9.827539	0
1530605700	8.387141	9.8269	0
1530606000	8.368379	9.818283	0
1530606300	8.340225	9.829321	0
1530606600	8.321447	9.836692	0
1530606900	8.302663	9.844072	0
1530607200	8.283871	9.851463	0
1530607500	8.265073	9.850855	0
1530607800	8.236864	9.861965	0
1530608100	8.227457	9.849654	0
1530608400	8.208639	9.873098	0
1530608700	8.189815	9.880532	0
1530609000	8.170983	9.896014	0
1530609300	8.161565	9.891702	0
1530609600	8.152145	9.887394	0
1530609900	8.1333	9.886817	0
1530610200	8.114448	9.894279	0
1530610500	8.095589	9.917853	0
1530610800	8.076723	9.89315	0
1530611100	8.067288	9.896889	0
1530611400	8.048412	9.920476	0
1530611700	8.038972	9.900078	0
1530612000	8.020086	9.907573	0
1530612300	8.001193	9.923133	0
1530612600	7.982293	9.938722	0
1530612900	7.97284	9.918298	0
1530613200	7.95393	9.950031	0
1530613500	7.944472	9.937654	0
1530613800	7.935013	9.933357	0
1530614100	7.916088	9.932835	0
1530614400	7.906624	9.936608	0
1530614700	7.887689	9.968411	0
1530615000	7.878219	9.964108	0
1530615300	7.868748	9.951726	0
1530615600	7.859274	9.947435	0
1530615900	7.849799	9.95122	0
1530616200	7.840322	9.971183	0
1530616500	7.830843	9.958799	0
1530616800	7.821363	9.978779	0
1530617100	7.811881	9.98258	0
1530617400	7.811881	9.958303	0
1530617700	7.792911	9.965896	0
1530618000	7.783424	9.969697	0
1530618300	7.773934	9.989701	0
1530618600	7.764443	9.961127	0
1530618900	7.754951	9.981114	5.1271
1530619200	7.745456	9.976826	10.2542
1530619500	7.726462	9.992554	15.3813
1530619800	7.716962	9.988265	30.7626
1530620100	7.70746	9.992083	41.0168
1530620400	7.697957	9.987797	87.1607
1530620700	7.688451	10.007844	117.9233
1530621000	7.678944	9.979237	128.1775
1530621300	7.669436	10.007382	143.5588
1530621600	7.650413	10.015047	143.5588
1530621900	7.640898	10.002641	138.4317
1530622200	7.631383	10.014595	138.4317
1530622500	7.612345	10.022274	153.813
1530622800	7.602824	10.017989	158.9401
1530623100	7.593301	10.029965	158.9401
1530623400	7.583776	10.033814	169.1943
1530623700	7.574249	10.029527	189.7027
1530624000	7.55519	10.053528	297.3718
1530624300	7.545658	10.049236	374.2783
1530624600	7.545658	10.041089	502.4558
1530624900	7.526588	10.056963	604.9978
1530625200	7.526588	10.073292	794.7005
1530625500	7.526588	10.065124	820.336
1530625800	7.526588	10.065124	917.7509
1530626100	7.526588	10.081468	825.4631
1530626400	7.526588	10.065124	676.7772
1530626700	7.536124	10.069421	466.5661
1530627000	7.526588	10.056963	461.439
1530627300	7.526588	10.04881	487.0745
1530627600	7.517051	10.052674	533.2184
1530627900	7.507511	10.064701	646.0146
1530628200	7.507511	10.064701	763.9379
1530628500	7.49797	10.076744	789.5734
1530628800	7.49797	10.068574	912.6238
1530629100	7.49797	10.084921	907.4967
1530629400	7.49797	10.076744	2107.2381
1530629700	7.507511	10.081042	6096.1219
1530630000	7.507511	10.072868	1368.9357
1530630300	7.507511	10.081042	1507.3674
1530630600	7.517051	10.068995	1112.5807
1530630900	7.526588	10.065124	886.9883
1530631200	7.545658	10.073722	881.8612
1530631500	7.55519	10.061687	912.6238
1530631800	7.564721	10.074158	979.2761
1530632100	7.583776	10.0746	994.6574
1530632400	7.602824	10.058709	1056.1826
1530632700	7.621865	10.050999	1143.3433
1530633000	7.640898	10.059615	1312.5376
1530633300	7.659925	10.060077	1461.2235
1530633600	7.688451	10.056698	1615.0365
1530633900	7.716962	10.045172	1661.1804
1530634200	7.745456	10.04182	1830.3747
1530634500	7.783424	10.026508	1784.2308
1530634800	7.811881	10.031331	2132.8736
1530635100	7.849799	10.024206	5814.1314
1530635400	7.887689	10.017106	2425.1183
1530635700	7.935013	9.998106	3650.4952
1530636000	7.982293	10.003526	8936.5353
1530636300	8.020086	9.988388	2148.2549
1530636600	8.048412	9.960857	2138.0007
1530636900	8.067288	9.969522	2296.9408
1530637200	8.076723	9.965756	3060.8787
1530637500	8.086157	9.961993	4778.4572
1530637800	8.123874	9.971254	10510.555
1530638100	8.152145	9.968085	7788.0649
1530638400	8.199228	9.949337	15165.9618
1530638700	8.255672	9.934997	5665.4455
1530639000	8.321447	9.949328	4557.9919
1530639300	8.396519	9.903447	4634.8984
1530639600	8.593082	9.898491	24579.3174
1530639900	8.705083	9.90283	35064.2369
1530640200	8.816855	9.891216	18990.7784
1530640500	8.937685	9.852015	16309.3051
1530640800	8.965532	9.857233	4599.0087
1530641100	9.076779	9.805964	4578.5003
1530641400	9.08604	9.786394	5316.8027
1530641700	9.289391	9.763814	7054.8896
1530642000	9.381585	9.728435	5296.2943
1530642300	9.492023	9.741837	9695.3461
1530642600	9.528789	9.680203	10254.2
1530642900	9.657289	9.66305	7516.3286
1530643200	9.748903	9.699558	32218.6964
1530643500	9.730592	9.674807	59479.4871
1530643800	9.904326	9.632904	61668.7588
1530644100	9.940838	9.603451	39247.9505
1530644400	9.904326	9.601434	49599.5654
1530644700	10.068457	9.563583	19477.8529
1530645000	10.086666	9.603853	27783.7549
1530645300	10.359169	9.580826	12269.1503
1530645600	10.295692	9.541698	8469.9692
1530645900	10.268467	9.520553	9264.6697
1530646200	10.25939	9.500548	10156.7851
1530646500	10.277543	9.509406	8218.7413
1530646800	10.250311	9.511685	7244.5923
1530647100	10.250311	9.503901	7665.0145
1530647400	10.250311	9.511685	6552.4338
1530647700	10.223067	9.498412	4875.8721
1530648000	10.204897	9.497352	5527.0138
1530648300	10.232149	9.534003	8869.883
1530648600	10.350105	9.513763	9633.8209
1530648900	10.46784	9.509309	6173.0284
1530649200	10.558258	9.452803	6490.9086
1530649500	10.567293	9.449499	9803.0152
1530649800	10.567293	9.441758	11146.3154
1530650100	10.621475	9.460691	10843.8165
1530650400	10.68463	9.422168	10572.0802
1530650700	10.711678	9.427781	18647.2627
1530651000	10.783751	9.417034	42754.8869
1530651300	10.900702	9.41324	17837.1809
1530651600	11.017448	9.394182	8951.9166
1530651900	11.062297	9.362623	14894.2255
1530652200	11.044361	9.338359	12264.0232
1530652500	11.089192	9.329952	9346.7033
1530652800	11.098155	9.334402	11653.8983
1530653100	11.14295	9.310725	9121.1109
1530653400	11.14295	9.303085	6542.1796
1530653700	11.089192	9.299372	19190.7353
1530654000	11.071263	9.336376	13125.376
1530654300	11.098155	9.326742	40032.3968
1530654600	11.125035	9.324779	8249.5039
1530654900	11.116076	9.312682	13181.7741
1530655200	11.133993	9.329231	7270.2278
1530655500	11.151906	9.315172	7706.0313
1530655800	11.133993	9.306282	5680.8268
1530656100	11.125035	9.317126	6178.1555
1530656400	11.080228	9.325505	5680.8268
1530656700	11.062297	9.301346	3958.1212
1530657000	11.05333	9.30455	3742.783
1530657300	11.044361	9.307756	4229.8575
1530657600	11.026421	9.32182	6116.6303
1530657900	11.044361	9.330698	6111.5032
1530658200	11.05333	9.312188	6362.7311
1530658500	11.071263	9.321062	5470.6157
1530658800	11.071263	9.305776	4906.6347
1530659100	11.05333	9.312188	4101.68
1530659400	11.035391	9.2957	4798.9656
1530659700	11.026421	9.32182	4778.4572
1530660000	11.026421	9.291281	3450.5383
1530660300	10.999501	9.308533	3142.9123
1530660600	10.963591	9.298492	3337.7421
1530660900	10.945629	9.297294	3071.1329
1530661200	10.927662	9.288484	3132.6581
1530661500	10.90969	9.302535	3814.5624
1530661800	10.90969	9.310165	3553.0803
1530662100	10.900702	9.313387	3389.0131
1530662400	10.882723	9.304571	3347.9963
1530662700	10.873732	9.300169	3158.2936
1530663000	10.864739	9.318655	3050.6245
1530663300	10.855745	9.314247	3358.2505
1530663600	10.84675	9.317477	3255.7085
1530663900	10.84675	9.309843	2543.0416
1530664200	10.828757	9.308672	2009.8232
1530664500	10.801757	9.310736	2261.0511
1530664800	10.783751	9.309575	1758.5953
1530665100	10.76574	9.308419	1681.6888
1530665400	10.747724	9.314893	1984.1877
1530665700	10.720691	9.309359	2004.6961
1530666000	10.711678	9.32023	2055.9671
1530666300	10.693647	9.319089	1876.5186
1530666600	10.675612	9.325585	2025.2045
1530666900	10.666592	9.328836	1948.298
1530667200	10.657571	9.33209	2112.3652
1530667500	10.648549	9.335345	2230.2885
1530667800	10.639526	9.346252	1948.298
1530668100	10.630501	9.349514	1779.1037
1530668400	10.621475	9.329833	1476.6048
1530668700	10.612448	9.348386	1066.4368
1530669000	10.585358	9.335233	861.3528
1530669300	10.567293	9.326483	758.8108
1530669600	10.549222	9.325376	722.9211
1530669900	10.522106	9.342816	728.0482
1530670200	10.504023	9.334076	676.7772
1530670500	10.494979	9.35264	630.6333
1530670800	10.476888	9.336256	558.8539
1530671100	10.458791	9.350454	538.3455
1530671400	10.449741	9.361392	630.6333
1530671700	10.431637	9.375634	810.0818
1530672000	10.422583	9.371257	969.0219
1530672300	10.413528	9.374549	1097.1994
1530672600	10.413528	9.366883	933.1322
1530672900	10.404471	9.362514	856.2257
1530673200	10.404471	9.362514	835.7173
1530673500	10.395414	9.373469	712.6669
1530673800	10.386354	9.369099	579.3623
1530674100	10.377294	9.357076	502.4558
1530674400	10.368232	9.360369	364.0241
1530674700	10.359169	9.363663	235.8466
1530675000	10.341039	9.362599	210.2111
1530675300	10.331972	9.365897	169.1943
1530675600	10.313835	9.364839	138.4317
1530675900	10.304764	9.368141	102.542
1530676200	10.295692	9.371445	76.9065
1530676500	10.286618	9.36709	66.6523
1530676800	10.268467	9.366043	56.3981
1530677100	10.25939	9.36935	46.1439
1530677400	10.250311	9.372659	41.0168
1530677700	10.241231	9.375969	15.3813
1530678000	10.232149	9.386952	5.1271
1530678300	10.223067	9.382597	5.1271
1530678600	10.213983	9.393589	0
1530678900	10.195811	9.400234	0
1530679200	10.186723	9.395878	0
1530679500	10.177633	9.399203	0
1530679800	10.159451	9.398177	0
1530680100	10.150357	9.409192	0
1530680400	10.150357	9.393827	0
1530680700	10.132166	9.415861	0
1530681000	10.123069	9.419199	0
1530681300	10.123069	9.411505	0
1530681600	10.10487	9.402805	0
1530681900	10.095769	9.413829	0
1530682200	10.077562	9.41282	0
1530682500	10.077562	9.41282	0
1530682800	10.05935	9.411816	0
1530683100	10.050242	9.430555	0
1530683400	10.041132	9.433907	0
1530683700	10.032021	9.43726	0
1530684000	10.022909	9.432907	0
1530684300	10.004681	9.431913	0
1530684600	9.995564	9.44298	0
1530684900	9.986447	9.438629	0
1530685200	9.959085	9.456439	0
1530685500	9.940838	9.455455	0
1530685800	9.922585	9.44676	0
1530686100	9.904326	9.461226	0
1530686400	9.886062	9.460256	0
1530686700	9.858655	9.478135	0
1530687000	9.849517	9.466054	0
1530687300	9.822093	9.460758	0
1530687600	9.803804	9.475263	0
1530687900	9.78551	9.489795	0
1530688200	9.758057	9.484507	0
1530688500	9.739748	9.491312	0
1530688800	9.721434	9.498125	0
1530689100	9.703114	9.504948	0
1530689400	9.675623	9.507436	0
1530689700	9.657289	9.506515	0
1530690000	9.638949	9.521122	0
1530690300	9.611428	9.523636	0
1530690600	9.593074	9.5305	0
1530690900	9.565532	9.52526	0
1530691200	9.547163	9.539913	0
1530691500	9.528789	9.531243	0
1530691800	9.501217	9.541577	0
1530692100	9.473631	9.567523	0
1530692400	9.455234	9.551053	0
1530692700	9.427626	9.569231	0
1530693000	9.409214	9.568363	0
1530693300	9.381585	9.586588	0
1530693600	9.353942	9.581394	0
1530693900	9.335507	9.580542	0
1530694200	9.317065	9.571892	0
1530694500	9.289391	9.605796	0
1530694800	9.270935	9.589315	0
1530695100	9.252472	9.611953	0
1530695400	9.224768	9.622463	0
1530695700	9.20629	9.613801	0
1530696000	9.178563	9.616491	0
1530696300	9.16007	9.623516	0
1530696600	9.141572	9.622708	0
1530696900	9.113812	9.641118	0
1530697200	9.095299	9.624628	0
1530697500	9.076779	9.647379	0
1530697800	9.048988	9.657986	0
1530698100	9.030453	9.64934	0
1530698400	9.011912	9.648562	0
1530698700	8.993364	9.663512	0
1530699000	8.974811	9.654878	0
1530699300	8.956251	9.669845	0
1530699600	8.937685	9.692729	0
1530699900	8.909825	9.695535	0
1530700200	8.891243	9.686891	0
1530700500	8.872655	9.694031	0
1530700800	8.854061	9.693287	0
1530701100	8.835461	9.70044	0
1530701400	8.816855	9.715507	0
1530701700	8.798242	9.714774	0
1530702000	8.770311	9.717638	0
1530702300	8.751682	9.724827	0
1530702600	8.742366	9.736346	0
1530702900	8.723728	9.73563	0
1530703200	8.695759	9.730606	0
1530703500	8.686432	9.734213	0
1530703800	8.667775	9.749362	0
1530704100	8.649111	9.732818	0
1530704400	8.630441	9.755905	0
1530704700	8.611765	9.755216	0
1530705000	8.593082	9.770413	0
1530705300	8.583738	9.774046	5.1271
1530705600	8.565046	9.765422	10.2542
1530705900	8.546346	9.772694	20.5084
1530706200	8.527641	9.779975	35.8897
1530706500	8.508929	9.771362	41.0168
1530706800	8.49957	9.790915	61.5252
1530707100	8.480848	9.790256	76.9065
1530707400	8.471485	9.78595	92.2878
1530707700	8.452753	9.7853	112.7962
1530708000	8.443385	9.81286	123.0504
1530708300	8.424644	9.788313	138.4317
1530708600	8.41527	9.807905	158.9401
1530708900	8.405895	9.811572	174.3214
1530709200	8.387141	9.802965	194.8298
1530709500	8.377761	9.814608	230.7195
1530709800	8.358996	9.829947	266.6092
1530710100	8.349612	9.825639	287.1176
1530710400	8.340225	9.821335	302.4989
1530710700	8.330837	9.825016	312.7531
1530711000	8.321447	9.84469	348.6428
1530711300	8.312056	9.840381	364.0241
1530711600	8.312056	9.832386	379.4054
1530711900	8.302663	9.860088	440.9306
1530712200	8.302663	9.860088	456.3119
1530712500	8.293268	9.855774	528.0913
1530712800	8.293268	9.839766	569.1081
1530713100	8.293268	9.863788	676.7772
1530713400	8.293268	9.863788	902.3696
1530713700	8.302663	9.876133	1143.3433
1530714000	8.302663	9.868107	1220.2498
1530714300	8.312056	9.88046	1420.2067
1530714600	8.330837	9.881087	1758.5953
1530714900	8.340225	9.877385	1902.1541
1530715200	8.358996	9.861966	1840.6289
1530715500	8.377761	9.878659	1927.7896
1530715800	8.396519	9.871271	2040.5858
1530716100	8.41527	9.863893	2922.447
1530716400	8.434015	9.864546	2245.6698
1530716700	8.46212	9.853504	1984.1877
1530717000	8.480848	9.854168	2020.0774
1530717300	8.49957	9.854838	2066.2213
1530717600	8.518286	9.863538	2127.7465
1530717900	8.536995	9.848176	2291.8137
1530718200	8.565046	9.845197	2435.3725
1530718500	8.583738	9.837878	2384.1015
1530718800	8.611765	9.842929	2327.7034
1530719100	8.639777	9.839981	2394.3557
1530719400	8.686432	9.837764	2466.1351
1530719700	8.714406	9.81884	2989.0993
1530720000	8.760997	9.80868	3506.9364
1530720300	8.807549	9.806544	3701.7662
1530720600	8.844762	9.808054	3655.6223
1530720900	8.891243	9.797985	3583.8429
1530721200	8.919113	9.795155	3609.4784
1530721500	8.956251	9.780763	3758.1643
1530721800	8.984088	9.785936	4183.7136
1530722100	9.021183	9.771587	4352.9079
1530722400	9.048988	9.776782	11520.5937
1530722700	9.08604	9.770441	8316.1562
1530723000	9.123067	9.75616	3706.8933
1530723300	9.150822	9.729588	3983.7567
1530723600	9.178563	9.742753	4568.2461
1530723900	9.20629	9.732099	5245.0233
1530724200	9.234004	9.729402	5834.6398
1530724500	9.270935	9.723178	5844.894
1530724800	9.298617	9.728444	6419.1292
1530725100	9.794658	9.923161	4117.0613
1530725400	13.288068	8.889661	76.9065
